point1
AP0
-55,-57,-55,-55,-55,-53,-55,-55,-53,-55,-59,-55,-55,-55,-53,-55,-55,-57,-55,-55,-55,-55,-55,-55,-55,-55,-53,-55,-55,-57,-63,-69,-69,-67,-69,-69,-65,-65,-69,-67,-69,-63,-67,-67,-71,-69,-71,-67,-69,-65,-71,-65,-65,-59,-59,-59,-57,-59,-57,-59,-57,-59,-59,-57,-57,-57,-59,-57,-59,-59,-59,-59,-59,-59,-59,-57,-59,-57,-59,-57,-59,-57,-57,-57,-57,-59,-59,-57,-59,-57,-59,-59,-59,-59,-59,-59,-57,-57,-59,-57,-59,-59,-59,-57,-59,-59,-57,-57,-59,-59,-57,-59,-59,-57,-59,-57,-57,-59,-59,-59,-57,-57,-57,-57,-55,-59,-57,-57;
AP1
-57,-59,-58,-57,-58,-57,-58,-58,-58,-57,-57,-58,-58,-58,-57,-57,-57,-57,-57,-57,-57,-57,-58,-57,-57,-57,-57,-58,-57,-58,-59,-58,-57,-57,-58,-57,-55,-57,-57,-57,-57,-57,-56,-57,-57,-58,-56,-58,-59,-59,-58,-59,-57,-57,-57,-57,-57,-57,-59,-57,-57,-59,-59,-57,-59,-59,-59,-57,-59,-57,-59,-59,-59,-57,-59,-57,-57,-59,-59,-57,-59,-57,-59,-59,-59,-59,-57,-59,-57,-59,-55,-59,-57,-59,-59,-59,-57,-57,-59,-57,-57,-59,-59,-57,-57,-57,-59,-59,-59,-59,-59,-59,-59,-59,-59,-57,-59,-57,-59,-59,-59,-59,-59,-57,-59,-57,-55,-59,-57,-57,-57,-59,-59,-57,-57,-57,-59,-59,-59,-59,-59,-57,-59,-59,-59,-59,-59,-59,-59,-59,-57;
AP2
-65,-65,-67,-65,-65,-65,-65,-64,-65,-65,-65,-63,-63,-65,-64,-62,-65,-65,-63,-65,-63,-61,-63,-63,-67,-65,-63,-63,-51,-65,-65,-63,-63,-65,-63,-65,-65,-65,-63,-63,-63,-63,-65,-63,-61,-65,-67,-63,-65,-65,-63,-65,-63,-63,-63,-63,-63,-63,-67,-65,-65,-63,-63,-67,-63,-63,-63,-67,-65,-65,-65,-63,-65,-65,-63,-65,-65,-63,-65,-65,-63,-61,-65,-65,-65,-65,-67,-65,-63,-63,-67,-65,-63,-65,-65,-65,-61,-63,-63,-63,-63,-63,-63,-63,-61,-63,-67,-65,-63,-65,-65,-65,-65,-67,-65,-63,-65,-67,-65,-63,-67,-69,-63,-65,-61,-65,-63,-65,-65,-67,-65,-63,-65,-65,-65,-65,-69,-63,-63,-65,-65,-63,-67,-65,-63,-63,-63,-65,-67;
AP3
-49,-45,-49,-51,-49,-49,-49,-49,-47,-49,-49,-45,-49,-47,-49,-47,-49,-49,-47,-51,-49,-49,-51,-47,-49,-49,-55,-51,-49,-47,-48,-49,-48,-49,-49,-48,-49,-45,-49,-45,-49,-49,-49,-47,-47,-49,-47,-49,-49,-47,-47,-61,-57,-57,-57,-59,-59,-57,-59,-59,-57,-57,-57,-55,-61,-59,-59,-57,-55,-55,-63,-61,-59,-59,-57,-61,-61,-59,-61,-57,-61,-61,-59,-63,-63,-61,-59,-59,-57,-57,-61,-61,-59,-57,-57,-59,-61,-57,-57,-59,-63,-59,-57,-57,-61,-59,-61,-51,-59,-59,-57,-59,-57,-59,-59,-59,-59,-57,-57,-61,-63,-61,-61,-59,-63,-61,-57,-59,-57,-57,-57,-55,-55,-57,-61,-57,-59,-57,-59,-61,-61,-59,-59,-53,-57,-59,-61,-59,-59,-57,-59;

point2
AP0
-55,-59,-57,-59,-59,-59,-59,-59,-59,-59,-57,-59,-59,-57,-59,-59,-57,-59,-59,-59,-59,-59,-59,-59,-59,-59,-57,-59,-57,-57,-57,-59,-59,-59,-59,-59,-57,-59,-61,-59,-59,-59,-57,-57,-57,-59,-59,-59,-57,-57,-57,-59,-57,-57,-57,-59,-57,-57,-61,-57,-59,-59,-59,-59,-57,-59,-57,-59,-59,-59,-59,-59,-57,-59,-59,-57,-59,-59,-59,-59,-59,-59,-59,-59,-57,-57,-59,-59,-57,-59,-59,-59,-57,-57,-57,-57,-57,-57,-57,-57,-57,-57,-57,-57,-57,-57,-57,-59,-57,-57,-59,-57,-57,-57,-57,-57,-57,-57,-57,-59,-57,-57,-57,-57,-59,-57,-57,-57,-57,-55,-57,-57,-57,-57,-57,-57,-57,-57,-57,-55,-57,-57,-57,-57,-59,-57,-57,-57,-57;
AP1
-63,-61,-63,-59,-63,-63,-63,-63,-65,-65,-63,-63,-61,-61,-61,-61,-64,-62,-63,-63,-61,-61,-63,-63,-63,-61,-63,-61,-61,-61,-64,-63,-62,-65,-61,-63,-63,-62,-63,-62,-65,-61,-63,-61,-65,-61,-61,-63,-63,-63,-64,-57,-59,-59,-59,-59,-59,-59,-57,-57,-59,-59,-57,-57,-59,-57,-59,-57,-57,-57,-59,-59,-57,-59,-59,-57,-59,-59,-59,-57,-59,-57,-57,-59,-57,-57,-59,-57,-57,-59,-59,-59,-59,-57,-57,-59,-57,-57,-59,-61,-59,-59,-57,-57,-59,-59,-59,-59,-59,-59,-59,-57,-59,-57,-57,-59,-59,-59,-59,-59,-59,-57,-59,-59,-59,-59,-59,-59,-57,-59,-59,-59,-59,-59,-57,-59,-59,-59,-59,-59,-57,-57,-59,-57,-57,-57,-59,-57,-57,-59;
AP2
-61,-61,-61,-63,-63,-63,-65,-63,-61,-65,-63,-63,-61,-63,-65,-63,-61,-61,-61,-63,-61,-63,-63,-63,-63,-59,-61,-61,-61,-63,-63,-61,-63,-65,-63,-61,-63,-63,-65,-64,-65,-65,-63,-67,-63,-61,-63,-63,-67,-63,-61,-61,-61,-61,-61,-61,-61,-59,-59,-61,-59,-61,-61,-71,-61,-61,-61,-61,-61,-61,-59,-61,-59,-61,-59,-61,-61,-59,-61,-61,-61,-61,-61,-61,-61,-59,-61,-59,-61,-61,-61,-61,-61,-61,-61,-61,-61,-61,-61,-59,-61,-61,-61,-61,-59,-59,-61,-59,-61,-61,-61,-61,-61,-61,-61,-61,-61,-59,-59,-59,-61,-59,-59,-61,-59,-59,-59,-61,-59,-59,-59,-61,-61,-57,-59,-61,-61,-59,-61,-61,-59,-63,-59,-59,-59,-59,-59,-59,-59,-61;
AP3
-51,-53,-51,-51,-51,-51,-51,-51,-51,-51,-51,-51,-51,-51,-55,-51,-53,-51,-51,-51,-53,-51,-51,-51,-49,-51,-49,-51,-51,-51,-51,-51,-51,-53,-49,-49,-49,-53,-51,-53,-51,-49,-51,-53,-51,-53,-51,-53,-53,-53,-49,-49,-49,-49,-47,-47,-49,-47,-49,-49,-47,-47,-49,-49,-47,-47,-49,-49,-49,-47,-49,-47,-47,-49,-47,-49,-49,-49,-49,-49,-49,-49,-49,-49,-49,-49,-49,-49,-47,-49,-49,-47,-49,-47,-49,-49,-47,-49,-49,-49,-47,-49,-49,-47,-49,-49,-49,-47,-47,-49,-47,-47,-47,-47,-49,-49,-49,-49,-49,-49,-47,-49,-47,-49,-49,-47,-49,-47,-49,-49,-47,-49,-47,-49,-47,-47,-49,-49,-49,-49,-49,-47,-47,-49,-47,-49,-49,-47,-49,-49,-49;

x0y2

-1;
-1;
-1;
-1;

x0y3

-1;
-1;
-1;
-1;

x0y4

-1;
-1;
-1;
-1;

point6
AP0
-69,-71,-65,-69,-69,-69,-69,-65,-69,-69,-67,-71,-69,-67,-69,-67,-69,-65,-63,-69,-65,-65,-71,-63,-65,-69,-65,-63,-65,-67,-69,-65,-67,-71,-67,-67,-67,-65,-65,-65,-69,-65,-67,-65,-69,-69;
AP1
-57,-57,-57,-57,-55,-55,-55,-57,-55,-55,-55,-57,-55,-55,-55,-55,-57,-57,-57,-55,-55,-55,-57,-57,-55,-55,-57,-55,-57,-55,-57,-57,-57,-57,-57,-55,-55,-55,-55,-51,-57,-55,-57,-57,-55,-57,-57,-55,-55,-57,-57,-57,-55,-57,-57,-57,-57,-57,-55,-57,-55,-57,-57,-55,-55,-57,-57,-57,-57,-57,-57,-57,-55,-57,-57,-55,-57,-55,-55,-55,-57,-55,-55,-55,-55,-57,-57,-55,-55,-55,-57,-55,-57,-57,-57,-57,-57,-55,-57,-57;
AP2
-65,-67,-65,-67,-67,-67,-67,-65,-67,-67,-67,-65,-67,-67,-67,-65,-67,-65,-67,-67,-67,-67,-65,-67,-67,-67,-67,-65,-67,-65,-65,-67,-65,-65,-65,-67,-67,-67,-67,-67,-65,-65,-67,-67,-67,-65,-65,-65,-65,-67,-67,-65,-67,-67,-67,-65,-67,-67,-67,-67,-67,-67,-67,-65,-67,-65,-67,-65,-67,-65,-65,-65,-67,-65,-65,-67,-67,-65,-67,-67,-67,-65,-67,-67,-67,-65,-67,-67,-65,-65,-67,-67,-65,-67,-65,-65,-67,-63;
AP3
-57,-59,-59,-57,-59,-57,-59,-59,-59,-59,-59,-59,-59,-59,-59,-59,-57,-57,-57,-57,-59,-57,-59,-57,-57,-59,-59,-57,-57,-59,-59,-59,-59,-57,-57,-57,-57,-59,-59,-59,-57,-59,-59,-59,-59,-57,-57,-59,-57,-57,-57,-57,-57,-59,-57,-59,-57,-57,-59,-59,-59,-57,-59,-57,-57,-59,-59,-59,-59,-57,-59,-59,-57,-59,-59,-57,-59,-59,-57,-59,-59,-57,-57,-57,-59,-57,-57,-57,-57,-59,-57,-59,-59,-57,-57,-59,-59,-59,-59;

point7
AP0
-80;
AP1
-41,-41,-41,-41,-41,-41,-41,-41,-41,-41,-41,-41,-41,-41,-41,-41,-41,-43,-41,-41,-41,-41,-41,-41,-41,-41,-41,-41,-41,-43,-41,-41,-41,-41,-41,-41,-41,-41,-41,-39,-41,-41,-41,-41,-41,-41,-41,-41,-41,-43,-41,-41,-41,-41,-41,-43,-41,-41,-41,-41,-41,-41,-39,-41,-41,-41,-41,-43,-41,-43,-41,-41,-41,-41,-41,-41,-41,-41,-41,-41,-41,-41,-41,-41,-41,-41,-41,-41,-41,-41,-41,-41,-41,-41,-41,-41,-41,-41,-41,-41;
AP2
-67,-73,-69,-71,-71,-61,-61,-65,-71,-69,-69,-71,-71,-69,-71,-71,-73,-69,-71,-71,-69,-69,-69,-69,-69,-69,-69,-71,-69,-73,-71,-69,-69,-71,-71,-67,-69,-71,-69,-67,-67,-69,-71,-69,-71,-71,-69,-67,-67,-69,-69,-69,-67,-71,-71,-71,-69,-65,-71,-71,-69,-71,-69,-73,-71,-71,-69,-69,-69,-71,-69,-69,-71,-71,-69,-71,-69,-65,-69,-67,-65,-69,-69,-69,-69;
AP3
-61,-61,-63,-61,-61,-61,-61,-61,-61,-61,-61,-63,-61,-61,-63,-63,-61,-61,-61,-63,-61,-61,-63,-63,-63,-61,-61,-61,-63,-61,-63,-63,-63,-63,-61,-61,-63,-63,-65,-63,-65,-61,-63,-61,-61,-63,-61,-61,-63,-65,-63,-61,-63,-63,-63,-65,-65,-61,-63,-63,-63,-63,-63,-61,-61,-63,-63,-63,-63,-61,-61,-63,-61,-63,-61,-61,-61,-65,-63,-65,-65,-63,-63,-63,-63,-63,-63,-61,-63,-63,-61,-65,-67,-63,-63,-63,-63;

point8
AP0
-67,-69,-69,-69,-65,-65,-67,-67,-63,-63,-63,-63,-63,-63,-67,-67,-67,-65,-69,-67,-69,-69,-69,-65,-63,-67,-63,-67,-65,-65,-65,-69,-67,-63,-65,-63,-65,-67,-63,-65,-67,-63,-63,-65,-67,-65,-67,-69,-63,-65,-63,-67,-65,-69,-65,-67,-63,-67,-65,-61,-67,-65,-63,-67,-65,-65,-63,-65,-65,-67,-67,-63,-65,-65,-67,-65,-67,-65,-67,-67,-63,-65,-67,-65,-63,-65,-65,-65,-67,-67,-69,-67,-63,-67;
AP1
-43,-43,-43,-41,-41,-43,-41,-43,-41,-43,-43,-43,-43,-43,-43,-43,-43,-43,-43,-43,-43,-43,-43,-43,-43,-43,-43,-43,-43,-43,-43,-43,-43,-43,-41,-43,-43,-41,-43,-43,-43,-43,-43,-41,-41,-43,-43,-43,-41,-41,-43,-41,-43,-41,-43,-43,-43,-43,-43,-43,-43,-43,-43,-43,-43,-43,-43,-43,-43,-43,-43,-43,-41,-41,-41,-43,-43,-41,-43,-43,-43,-43,-43,-41,-43,-43,-43,-43,-43,-43,-43,-43,-43,-43,-43,-41,-43,-43,-43,-43;
AP2
-63,-61,-61,-61,-61,-61,-61,-63,-61,-61,-61,-69,-61,-61,-61,-61,-61,-63,-63,-63,-61,-63,-61,-61,-61,-61,-61,-61,-63,-61,-63,-61,-61,-61,-61,-61,-63,-61,-61,-61,-61,-61,-63,-61,-61,-61,-63,-63,-61,-61,-63,-61,-61,-61,-77,-61,-63,-63,-63,-61,-61,-61,-61,-61,-61,-61,-63,-61,-61,-61,-61,-61,-63,-61,-63,-61,-61,-61,-61,-63,-61,-61,-61,-63,-61,-61,-63,-63,-61,-61,-61,-61,-61,-63,-61,-61,-63,-63,-63,-61;
AP3
-55,-55,-55,-55,-55,-53,-55,-55,-55,-55,-53,-53,-53,-53,-55,-55,-51,-55,-55,-53,-55,-55,-53,-55,-55,-53,-53,-55,-53,-53,-53,-53,-53,-53,-55,-53,-53,-55,-55,-55,-53,-53,-53,-55,-53,-53,-53,-53,-53,-55,-53,-53,-53,-55,-53,-55,-53,-55,-55,-55,-53,-53,-55,-55,-55,-55,-55,-53,-53,-55,-55,-55,-55,-55,-55,-55,-55,-53,-55,-55,-55,-55,-55,-53,-55,-55,-53,-53,-55,-53,-53,-55,-53,-55,-53,-53,-53,-55,-55;

point9
AP0
-59,-57,-59,-57,-59,-53,-57,-57,-59,-58,-59,-58,-59,-59,-57,-59,-59,-63,-59,-57,-59,-59,-57,-57,-59,-57,-57,-59,-57,-57,-59,-59,-59,-59,-59,-55,-59,-59,-57,-59,-57,-59,-59,-57,-59,-59,-59,-59,-59,-63,-65,-65,-69,-65,-69,-67,-67,-65,-67,-63,-67,-69,-69,-67,-63,-65,-65,-67,-65,-67,-65,-65,-63,-67,-63,-67,-67,-67,-65,-63,-67,-67,-67,-69,-65,-63,-63;
AP1
-63,-63,-61,-61,-61,-61,-61,-61,-61,-63,-60,-61,-61,-65,-61,-61,-61,-61,-62,-63,-61,-61,-63,-63,-61,-63,-61,-63,-61,-61,-63,-61,-61,-62,-61,-63,-61,-59,-61,-59,-59,-61,-61,-61,-61,-59,-61,-61,-61,-59,-61,-61,-61,-61,-61,-59,-63,-61,-63,-61,-61,-61,-61,-61,-61,-61,-61,-61,-59,-61,-57,-61,-59,-61,-59,-59,-61,-61,-61,-59,-59,-59,-59,-61,-59,-61,-61,-59,-61,-61,-61,-57,-61,-57,-61,-61,-61,-61,-61,-59,-57,-63,-61,-57,-59,-59,-59,-61,-59,-59,-59,-59,-59,-59,-59,-61,-57,-59,-59,-61,-59,-59,-59,-59,-57,-59,-61,-59,-61,-59,-59,-59,-59,-59,-59,-59,-61,-59,-59,-59,-59,-59,-59,-59,-59,-61,-61,-59,-61,-61;
AP2
-59,-61,-61,-61,-59,-61,-59,-63,-61,-63,-61,-62,-63,-61,-65,-61,-63,-63,-63,-59,-61,-59,-63,-61,-63,-61,-61,-61,-59,-61,-63,-63,-61,-63,-61,-61,-61,-61,-61,-61,-61,-61,-59,-61,-61,-61,-63,-59,-61,-59,-61,-57,-57,-57,-57,-57,-57,-57,-57,-57,-57,-57,-57,-59,-59,-59,-57,-59,-57,-57,-57,-57,-59,-59,-59,-59,-57,-57,-57,-57,-57,-59,-57,-57,-57,-57,-57,-57,-57,-57,-57,-57,-57,-57,-57,-57,-57,-57,-57,-59,-57,-57,-57,-57,-57,-57,-57,-57,-57,-57,-57,-57,-57,-57,-57,-55,-57,-57,-59,-59,-59,-57,-57,-57,-73,-57,-57,-57,-59,-57,-59,-57,-57,-57,-59,-57,-57,-57,-57,-59,-59,-57,-57,-57,-57,-59,-57,-57,-55,-57;
AP3
-49,-49,-49,-51,-49,-51,-49,-51,-49,-51,-49,-51,-49,-49,-55,-51,-47,-49,-49,-49,-49,-55,-49,-49,-49,-51,-49,-47,-49,-49,-49,-49,-49,-49,-49,-49,-50,-49,-51,-49,-51,-49,-51,-49,-51,-53,-51,-49,-53,-47,-49,-51,-51,-53,-53,-53,-57,-49,-49,-47,-45,-47,-47,-51,-47,-47,-49,-49,-47,-49,-49,-47,-49,-49,-47,-49,-47,-47,-49,-47,-49,-47,-47,-49,-49,-49,-47,-47,-49,-47,-47,-47,-49,-49,-49,-49,-49,-49,-49,-49,-49,-49,-47,-47,-47,-49,-45,-49,-47,-49,-49,-45,-45,-45,-45,-47,-49,-59,-59,-57,-47,-51,-51,-49,-51,-47,-47,-47,-49,-49,-47,-47,-49,-49,-47,-49,-47,-49,-47,-47,-49,-47,-49,-47,-45,-47,-47,-47,-47;

point10
AP0
-57,-53,-53,-55,-53,-55,-55,-53,-53,-53,-55,-57,-55,-55,-53,-53,-55,-53,-53,-53,-53,-53,-55,-53,-55,-53,-55,-53,-55,-53,-55,-53,-53,-55,-55,-55,-55,-55,-53,-53,-55,-55,-55,-55,-55,-55,-55,-53,-53,-55,-53,-67,-71,-63,-65,-63,-63,-67,-65,-63,-65,-67,-69,-65,-65,-69,-67,-65;
AP1
-59,-61,-59,-61,-61,-61,-61,-61,-59,-61,-59,-59,-59,-59,-59,-59,-57,-59,-59,-59,-59,-59,-59,-59,-59,-60,-59,-59,-59,-59,-59,-59,-59,-59,-57,-59,-59,-59,-59,-59,-59,-59,-61,-59,-59,-59,-61,-59,-59,-60,-61,-59,-61,-61,-59,-59,-59,-61,-61,-61,-59,-61,-59,-59,-59,-59,-59,-59,-61,-61,-59,-59,-61,-59,-59,-59,-59,-59,-61,-61,-59,-59,-59,-59,-57,-61,-59,-61,-59,-59,-61,-59,-59,-59,-59,-59,-61,-59,-59,-59,-59,-67,-61,-61,-61,-59,-59,-59,-59,-59,-59,-59,-59,-59,-61,-59,-61,-59,-59,-59,-59,-59,-59,-59,-59,-59,-59,-59,-59,-61,-61,-59,-59,-61,-61,-59,-59,-59,-57,-61,-61,-59,-59,-61,-59,-59,-59,-61,-59,-59,-59;
AP2
-63,-61,-61,-63,-61,-63,-61,-61,-63,-61,-63,-61,-63,-63,-61,-63,-61,-63,-61,-61,-63,-61,-61,-63,-61,-61,-61,-59,-59,-61,-57,-61,-59,-59,-59,-57,-61,-61,-61,-59,-59,-59,-59,-57,-61,-57,-57,-61,-57,-61,-57,-57,-57,-57,-57,-57,-57,-57,-57,-57,-57,-57,-57,-57,-57,-57,-57,-57,-57,-57,-57,-57,-57,-57,-57,-57,-57,-57,-57,-57,-59,-57,-57,-57,-57,-57,-57,-59,-59,-57,-59,-57,-57,-57,-57,-59,-57,-57,-57,-57,-57,-55,-57,-57,-57,-57,-57,-57,-57,-57,-57,-57,-57,-57,-57,-57,-57,-57,-57,-57,-57,-59,-57,-57,-59,-57,-57,-57,-59,-57,-57,-57,-57,-57,-57,-57,-57,-57,-57,-57,-57,-57,-59,-59,-57,-57,-57,-57,-55,-57;
AP3
-55,-55,-57,-55,-55,-55,-57,-57,-57,-57,-57,-55,-55,-55,-59,-57,-55,-57,-55,-55,-55,-57,-53,-53,-55,-55,-57,-55,-57,-55,-59,-55,-57,-57,-55,-55,-55,-59,-55,-57,-55,-55,-55,-57,-55,-55,-55,-59,-57,-55,-57,-51,-49,-51,-49,-49,-49,-49,-49,-49,-49,-49,-49,-49,-49,-49,-49,-49,-49,-49,-49,-49,-49,-49,-49,-49,-49,-49,-49,-49,-49,-49,-49,-49,-49,-49,-49,-49,-49,-49,-49,-49,-49,-49,-49,-49,-49,-49,-49,-49,-49,-49,-49,-49,-49,-49,-49,-49,-49,-49,-49,-49,-49,-49,-49,-49,-49,-49,-49,-49,-49,-49,-49,-49,-49,-49,-49,-49,-49,-49,-49,-49,-49,-51,-49,-49,-49,-49,-49,-49,-49,-49,-49,-51,-49,-49,-49,-49,-49,-49;


point11
AP0
-69,-65,-65,-69,-69,-69,-69,-65,-65,-69,-65,-71,-65,-65;
AP1
-57,-57,-57,-67,-57,-55,-55,-55,-55,-55,-57,-57,-55,-57,-55,-57,-57,-55,-57,-55,-55,-57,-57,-55,-57,-57,-55,-55,-57,-55,-57,-57,-57,-55,-57,-57,-55,-57,-55,-57,-55,-57,-57,-57,-55,-55,-57,-55,-57,-57,-57,-57,-57,-55,-55,-57,-57,-55,-57,-55,-55,-55,-57,-57,-57,-55,-57,-57,-57,-57,-57,-57,-57,-57,-57,-55,-57,-57,-55,-55,-55,-57,-57,-55,-57,-55,-57,-57,-57,-55,-55,-55,-57,-57,-57,-55,-57,-57,-57,-57;
AP2
-69,-67,-67,-67,-69,-67,-67,-67,-69,-67,-67,-69,-69,-67,-67,-69,-69,-67,-67,-67,-67,-67,-67,-69,-67,-67,-65,-67,-67,-67,-69,-69,-65,-67,-69,-69,-65,-67,-65,-67,-65,-67,-67,-69,-69,-65,-67,-67,-67,-65,-63,-67,-67,-65,-65,-67,-69,-71,-69,-63,-67,-67,-69,-67,-67,-67,-69,-67,-69,-71,-65,-67,-69,-69,-69,-67,-67,-67,-69,-67,-69,-71,-69,-69,-65,-67,-69,-69,-67,-67,-67,-63,-69,-65,-65,-67,-69,-67;
AP3
-45,-45,-45,-45,-45,-45,-47,-45,-45,-45,-45,-45,-45,-45,-45,-45,-45,-45,-45,-45,-45,-45,-45,-45,-45,-45,-45,-45,-45,-45,-45,-45,-45,-45,-45,-45,-45,-45,-45,-45,-45,-45,-45,-45,-45,-45,-45,-45,-45,-45,-45,-45,-45,-45,-45,-45,-45,-45,-45,-45,-45,-45,-45,-45,-45,-45,-45,-45,-45,-45,-45,-45,-45,-45,-45,-45,-45,-45,-45,-45,-45,-45,-47,-45,-45,-45,-45,-45,-45,-45,-45,-45,-45,-45,-45,-45,-45,-45,-45,-45;

point12
AP0
-63,-69,-67,-69,-65,-63,-65,-71;
AP1
-49,-51,-49,-49,-49,-49,-49,-49,-49,-51,-49,-51,-51,-49,-49,-49,-49,-49,-49,-49,-49,-51,-49,-49,-49,-49,-51,-49,-49,-49,-49,-49,-49,-49,-49,-49,-49,-47,-49,-49,-49,-49,-49,-49,-51,-49,-51,-49,-51,-49,-51,-49,-49,-49,-49,-53,-49,-49,-49,-51,-49,-49,-51,-51,-49,-49,-51,-49,-49,-49,-51,-51,-51,-49,-49,-49,-49,-51,-49,-49,-49,-49,-49,-49,-51,-49,-51,-49,-49,-49,-49,-49,-49,-49,-49,-51,-51,-49,-49,-51;
AP2
-65,-63,-63,-65,-65,-65,-65,-65,-63,-65,-65,-67,-65,-63,-67,-65,-65,-65,-65,-61,-67,-65,-65,-65,-65,-65,-63,-65,-65,-65,-65,-65,-67,-65,-65,-65,-65,-63,-65,-65,-65,-65,-65,-63,-65,-63,-63,-63,-63,-63,-65,-63,-61,-65,-65,-65,-65,-63,-63,-63,-65,-67,-67,-65,-65,-65,-65,-65,-67,-65,-63,-65,-65,-65,-63,-63,-63,-61,-63,-63,-65,-61,-65,-65,-65,-65,-63,-67,-67,-67,-63,-65,-65,-65,-65,-65,-65,-63,-63;
AP3
-51,-43,-43,-43,-43,-43,-43,-43,-43,-43,-43,-43,-43,-43,-43,-43,-43,-43,-43,-43,-43,-43,-43,-45,-43,-43,-43,-43,-43,-43,-43,-43,-43,-43,-43,-43,-43,-43,-45,-43,-45,-43,-43,-43,-43,-43,-43,-43,-43,-45,-43,-43,-43,-43,-43,-43,-43,-45,-43,-45,-43,-43,-43,-43,-43,-43,-43,-43,-43,-45,-43,-43,-45,-43,-43,-43,-43,-43,-43,-43,-43,-43,-43,-45,-43,-43,-43,-45,-43,-43,-43,-45,-47,-45,-45,-43,-43,-43,-43;

point13
AP0
-61,-63,-61,-61,-61,-59,-61,-59,-63,-61,-61,-61,-59,-61,-61,-61,-61,-61,-61,-61,-61,-59,-61,-63,-63,-61,-59,-59,-61,-63,-61,-61,-61,-61,-61,-61,-61,-61,-61,-59,-61,-59,-61,-61,-61,-61,-59,-61,-59,-61,-61,-61,-59,-61,-61,-61,-61,-61,-61,-61,-61,-61,-61,-61,-61,-61,-61,-61,-59,-61,-61,-59,-61,-59,-61,-61,-61,-61,-61,-63,-61,-61,-63,-61,-61,-61,-61,-61,-61,-61,-59,-59,-59,-61,-61,-61,-61,-61;
AP1
-47,-49,-49,-49,-47,-47,-47,-47,-47,-47,-49,-47,-47,-47,-47,-49,-47,-47,-47,-47,-47,-47,-47,-47,-47,-49,-47,-47,-47,-47,-47,-47,-47,-47,-47,-47,-47,-47,-47,-49,-47,-47,-49,-49,-47,-47,-49,-47,-47,-47,-49,-47,-47,-49,-47,-49,-47,-49,-47,-47,-47,-47,-47,-47,-47,-47,-47,-49,-47,-47,-49,-47,-47,-47,-47,-47,-47,-47,-49,-47,-49,-47,-47,-47,-47,-47,-49,-47,-47,-47,-49,-47,-49,-47,-47,-47,-47,-47,-47;
AP2
-63,-65,-63,-65,-65,-67,-63,-67,-63,-65,-63,-67,-65,-67,-63,-61,-67,-65,-63,-64,-63,-65,-63,-63,-61,-63,-61,-63,-63,-59,-63,-61,-63,-61,-63,-61,-61,-63,-61,-63,-61,-65,-65,-61,-61,-63,-79,-62,-65,-63,-63,-63,-65,-65,-63,-63,-65,-65,-63,-65,-65,-65,-65,-65,-65,-63,-67,-65,-67,-67,-65,-63,-65,-65,-65,-65,-65,-63,-65,-65,-65,-63,-65,-65,-65,-63,-65,-65,-65,-65,-65,-67,-65,-65,-63,-65,-65,-63,-65,-65,-65,-65,-65,-63,-65,-65,-65,-65,-65,-65,-65,-65,-65,-63,-65,-65,-65,-65,-65,-67,-65,-65,-65,-65,-65,-65,-65,-65,-65,-65,-65,-65,-65,-65,-65,-65,-65,-63,-65,-65,-63,-65,-65,-61,-63,-65,-65,-65;
AP3
-53,-55,-55,-55,-55,-55,-53,-53,-53,-53,-51,-55,-53,-53,-57,-55,-57,-55,-55,-57,-55,-53,-55,-55,-55,-55,-55,-51,-53,-53,-51,-51,-53,-53,-53,-51,-55,-53,-55,-55,-51,-51,-51,-53,-53,-51,-53,-55,-55,-55,-53,-55,-53,-51,-53,-57,-53,-55,-55,-55,-53,-57,-53,-55,-53,-51,-53,-57,-59,-53,-55,-55,-55,-53,-57,-55,-57,-55,-51,-53,-53,-51,-55,-49,-53,-51,-49,-55,-53,-51,-51,-53,-51,-57,-53,-57,-55,-55,-57;


point14
AP0
-67,-65,-63,-65,-65,-65,-69,-67,-65,-63,-67,-63,-65,-63,-65,-63,-63,-65,-63,-65,-63,-65,-63,-63,-63,-63,-67,-65,-65,-65,-63,-65,-67,-65,-63,-65,-65,-63,-63,-65,-63,-63,-67,-67,-67,-65,-67,-65,-63,-67,-63,-67,-67,-65,-67,-67,-65,-67,-65,-67,-69,-67,-69,-67,-65,-63,-65,-63,-63,-67,-63,-67,-65,-67,-67,-65,-63,-69,-65,-63,-65,-67,-67,-63,-67,-67,-67,-63,-65,-63,-65,-67,-65,-67,-67,-63,-67,-69;
AP1
-43,-43,-44,-43,-55,-45,-43,-45,-45,-44,-43,-45,-45,-45,-45,-44,-44,-44,-45,-45,-45,-44,-45,-45,-45,-44,-44,-45,-45,-44,-44,-43,-44,-45,-45,-45,-45,-44,-45,-45,-44,-44,-44,-45,-45,-45,-45,-45,-43,-47,-47,-47,-49,-47,-47,-49,-47,-47,-49,-47,-47,-49,-47,-47,-49,-47,-47,-49,-47,-47,-47,-47,-47,-47,-47,-47,-47,-47,-47,-47,-47,-47,-49,-49,-49,-47,-49,-49,-47,-47,-47,-47,-47,-47,-47,-47,-47,-47,-47,-47,-47,-47,-47,-47,-47,-47,-47,-47,-49,-47,-47,-47,-49,-47,-47,-47,-49,-47,-49,-47,-47,-47,-47,-47,-49,-47,-47,-47,-47,-47,-47,-47,-47,-47,-47,-47,-47,-49,-47,-47,-47,-47,-47,-47,-47,-47,-47,-49;
AP2
-67,-67,-69,-67,-67,-69,-67,-65,-69,-67,-67,-67,-67,-67,-69,-69,-67,-69,-69,-67,-67,-69,-69,-69,-69,-67,-69,-69,-69,-67,-67,-69,-67,-69,-67,-69,-69,-69,-67,-67,-69,-69,-69,-67,-69,-69,-69,-67,-69,-67,-69,-67,-69,-67,-69,-69,-67,-67,-67,-69,-67,-69,-69,-67,-69,-65,-67,-69,-67,-67,-69,-69,-67,-69,-69,-69,-67,-67,-69,-67,-69,-69,-69,-67,-69,-71,-67,-69,-69,-69,-69,-69,-67,-67,-67,-67,-67,-69,-69;
AP3
-59,-61,-59,-61,-57,-61,-59,-59,-59,-59,-61,-61,-59,-59,-57,-61,-59,-59,-59,-59,-61,-61,-59,-59,-59,-59,-57,-59,-61,-59,-59,-59,-61,-59,-59,-59,-59,-59,-61,-61,-59,-58,-57,-59,-59,-59,-57,-59,-59,-53,-55,-53,-53,-53,-53,-55,-55,-53,-53,-53,-53,-53,-55,-53,-53,-53,-53,-53,-53,-53,-53,-55,-53,-53,-53,-55,-53,-55,-53,-55,-55,-53,-53,-53,-53,-53,-53,-53,-53,-53,-53,-53,-53,-53,-53,-53,-53,-53,-53,-53,-53,-53,-55,-53,-55,-55,-53,-55,-53,-53,-53,-55,-53,-53,-53,-55,-55,-53,-53,-53,-53,-53,-53,-53,-53,-53,-53,-53,-53,-53,-51,-53,-53,-55,-53,-53,-53,-53,-53,-53,-53,-53,-53,-53,-53,-53,-53,-53,-53;



point15
AP0
-67,-69,-69,-63,-67,-67,-67,-67,-67,-65,-67,-67,-65,-67,-69,-69,-69,-69,-69,-69,-65,-65,-71,-67,-69,-69,-65,-65,-67,-65,-65,-67,-65,-69,-71,-71,-63,-65,-65,-69,-67,-65,-65,-69,-67,-65,-65,-63,-69,-67,-69,-65,-67,-69,-65,-69,-65,-67,-69,-67,-65,-69,-65,-65,-69,-65,-65,-65,-69,-69,-69,-69,-69,-69;
AP1
-53,-52,-53,-52,-51,-53,-53,-52,-51,-51,-51,-53,-51,-52,-52,-52,-52,-52,-51,-53,-51,-53,-52,-52,-51,-51,-52,-52,-52,-52,-51,-52,-50,-53,-51,-52,-52,-52,-52,-53,-50,-51,-53,-52,-52,-51,-52,-52,-52,-45,-47,-45,-47,-47,-47,-47,-45,-47,-45,-47,-47,-45,-45,-45,-47,-47,-45,-47,-45,-45,-47,-47,-47,-47,-45,-47,-45,-45,-47,-45,-47,-45,-45,-45,-45,-45,-47,-47,-45,-45,-45,-45,-45,-45,-45,-45,-47,-45,-47,-45,-45,-47,-45,-47,-47,-47,-45,-47,-45,-47,-47,-45,-47,-45,-47,-45,-45,-47,-47,-47,-45,-45,-47,-47,-47,-47,-47,-45,-45,-47,-47,-45,-47,-47,-47,-47,-45,-47,-45,-47,-47,-47,-47,-47,-45,-47,-47,-47,-45;
AP2
-59,-61,-59,-61,-61,-61,-61,-59,-59,-59,-59,-59,-59,-59,-59,-59,-61,-60,-61,-59,-59,-61,-59,-61,-59,-61,-59,-57,-57,-59,-59,-59,-61,-59,-61,-59,-59,-59,-57,-59,-61,-59,-61,-59,-60,-61,-61,-61,-61,-59,-59,-67,-67,-69,-71,-69,-67,-67,-69,-69,-69,-67,-67,-67,-69,-67,-69,-69,-69,-69,-67,-67,-69,-69,-69,-69,-67,-67,-69,-67,-69,-67,-69,-67,-67,-69,-69,-69,-67,-65,-67,-69,-67,-69,-67,-67,-67,-65,-67,-69,-67,-69,-69,-67,-67,-69,-69,-67,-67,-69,-67,-65,-69,-67,-67,-67,-67,-69,-67,-69,-69,-69,-69,-69,-69,-67,-69,-69,-67,-69,-69,-67,-67,-69,-67,-69,-67,-67,-67,-67,-67,-67,-65,-67,-67,-69,-67,-69,-67,-67;
AP3
-59,-65,-65,-61,-65,-63,-63,-61,-63,-61,-61,-63,-63,-65,-63,-61,-63,-63,-65,-63,-63,-61,-65,-61,-63,-63,-63,-63,-63,-63,-63,-63,-61,-63,-65,-65,-63,-63,-63,-64,-61,-61,-63,-63,-65,-63,-63,-63,-51,-53,-51,-53,-51,-51,-51,-51,-53,-51,-53,-51,-51,-51,-53,-51,-51,-51,-51,-51,-51,-51,-53,-51,-51,-51,-53,-51,-51,-51,-51,-51,-51,-51,-51,-51,-53,-51,-51,-51,-51,-51,-51,-51,-51,-51,-51,-51,-51,-51,-53,-51,-51,-51,-51,-51,-51,-49,-51,-49,-51,-53,-51,-51,-49,-51,-53,-55,-53,-51,-51,-51,-53,-51,-51,-55,-53,-51,-51,-51,-51,-51,-51,-51,-51,-51,-51,-51,-51,-51,-53,-51,-51,-53,-51,-51,-51,-51,-51;

point16
AP0
-65,-65,-67,-67,-67,-67,-63,-67,-67,-67,-65,-67,-63,-67,-63,-65,-65,-65,-65;
AP1
-45,-47,-47,-46,-47,-47,-46,-46,-47,-46,-47,-47,-45,-46,-47,-47,-47,-46,-46,-46,-47,-46,-47,-47,-46,-45,-47,-45,-45,-45,-45,-45,-45,-45,-45,-45,-45,-45,-45,-45,-45,-45,-45,-45,-45,-45,-45,-45,-45,-45,-45,-45,-45,-45,-45,-45,-45,-45,-45,-45,-45,-45,-45,-45,-45,-45,-45,-45,-45,-45,-45,-45,-45,-45,-45,-45,-45,-45,-45,-45,-45,-45,-45,-45,-45,-45,-45,-45,-45,-45,-45,-45,-45,-45,-45,-45,-45,-45,-45,-43,-45,-45,-45,-45,-45,-45,-45,-45,-45,-45,-45,-45,-45,-45,-43,-45,-45,-45,-45,-45,-45,-45,-45,-45,-45,-45,-45;
AP2
-63,-57,-63,-61,-63,-63,-65,-63,-63,-65,-63,-63,-63,-65,-63,-65,-63,-63,-65,-65,-63,-61,-63,-63,-61,-63,-63,-65,-63,-63,-63,-63,-65,-63,-61,-61,-61,-59,-55,-61,-61,-63,-61,-63,-61,-63,-61,-61,-61,-61,-62,-61,-61,-61,-61,-61,-61,-61,-61,-61,-61,-61,-61,-61,-61,-61,-63,-61,-59,-55,-63,-61,-61,-61,-61,-61,-62,-59,-63,-63,-61,-61,-63,-61,-67,-67,-67,-67,-65,-67,-69,-67,-67,-67,-67,-65,-67,-67,-67,-65,-67,-67,-67,-67,-69,-69,-67,-69,-67,-69,-67,-67,-65,-67,-67,-67,-67,-67,-67,-65,-65,-67,-67,-67,-65,-67,-67,-65,-67,-67,-67,-63,-67,-67,-65,-67,-67,-65,-65,-67,-65,-67,-67,-65,-65,-67,-67,-67,-67,-65,-67,-65,-65,-67,-67,-65,-67,-65,-65,-67,-65,-67,-65,-65,-67,-67,-67,-67,-67,-67,-67,-65,-67,-67,-65,-65,-67,-65,-65,-63,-67,-65,-67;
AP3
-61,-61,-63,-63,-59,-61,-61,-61,-59,-61,-61,-61,-61,-63,-63,-59,-61,-59,-61,-63,-61,-61,-60,-61,-61,-63,-63,-63,-67,-61,-65,-63,-63,-63,-65,-67,-65,-63,-65,-63,-65,-65,-63,-63,-67,-65,-63,-63,-63,-65,-61,-65,-65,-63,-63,-63,-67,-65,-63,-63,-65,-63,-65,-63,-65,-61,-65,-63,-65,-65,-65,-67,-65,-63,-63,-63,-63,-65,-65,-65,-63,-63,-65,-63,-63,-65,-63,-63,-65,-65,-65,-63,-65,-65,-65,-65,-63,-65,-63,-65,-63,-65,-65,-63,-63,-65,-63,-63,-63,-63,-63,-65,-63,-63,-63,-65,-63,-63,-65,-63,-63,-63,-63,-63,-63,-63,-63,-65,-63,-65,-63,-63,-63,-65,-63,-65,-65,-65,-63,-65,-63,-65,-65,-65,-63,-63,-63,-65,-65,-63,-65,-63,-63,-65,-65,-63,-63,-65,-63,-63,-65,-63,-65,-63,-63,-63,-63,-63,-63,-63,-63,-63,-65,-63,-63;

point17
AP0
-65,-63,-63,-65,-79,-65,-65,-65,-65,-61,-61,-65,-63,-61,-61,-65,-65,-63,-65,-65,-65,-65,-65,-65,-63,-65,-67,-59,-59,-59,-59,-57,-59,-57,-59,-59,-57,-63,-59,-57,-59,-59,-61,-61,-61,-61,-61,-59,-59,-61,-61,-63,-63,-61,-63,-59,-61,-61,-61,-61,-61,-63,-61,-61,-63,-61,-61,-61,-61,-59,-61,-61,-61,-63,-61,-61,-61,-61,-61,-61,-61,-61,-61,-63,-65,-65,-63,-59,-61,-61,-61,-59,-61,-59,-61,-61,-63,-61;
AP1
-67,-63,-63,-69,-65,-65,-63,-69,-63,-63,-65,-63,-63,-65,-63,-61,-67,-67,-69,-65,-67,-65,-67,-63,-69,-65,-65,-63,-63,-63,-65,-65,-65,-61,-63,-65,-63,-63,-65,-63,-63,-63,-65,-65,-65,-63,-63,-65,-65,-61,-63,-65,-65,-65,-63,-67,-63,-67,-65,-65,-65,-65,-67,-63,-67,-67,-67,-63,-67,-65,-65,-67,-67,-67,-63,-67,-63,-65,-63,-65,-61,-65,-67,-61,-63,-63,-65,-63,-67,-67,-61,-65,-63,-65,-63,-65,-67,-65,-65;
AP2
-69,-69,-71,-69,-69,-69,-69,-69,-71,-69,-71,-67,-63,-69,-69,-69,-69,-71,-69,-69,-67,-71,-69,-69,-69,-69,-69,-69,-69,-69,-71,-69,-69,-69,-69,-69,-69,-69,-67,-69,-71,-63,-69,-71,-69,-69,-69,-69,-71,-69,-69,-69,-69,-71,-69,-67,-69,-69,-71,-69,-71,-69,-69,-69,-69,-69,-71,-69,-69,-67,-69,-69,-69,-69,-69,-67,-69,-69,-69,-71,-73,-71,-63,-71,-73,-69,-69,-69,-71,-71,-71,-71,-71,-69,-71,-71,-71,-69,-69;
AP3
-43,-41,-43,-43,-41,-43,-43,-43,-41,-43,-41,-41,-43,-41,-43,-41,-43,-43,-43,-43,-41,-43,-41,-43,-43,-43,-43,-43,-43,-43,-43,-43,-43,-43,-43,-41,-43,-43,-43,-43,-41,-43,-43,-41,-43,-43,-43,-43,-41,-43,-43,-43,-41,-41,-43,-43,-41,-43,-43,-41,-41,-43,-41,-43,-41,-43,-43,-43,-41,-43,-41,-41,-43,-41,-41,-43,-43,-43,-41,-43,-43,-43,-43,-43,-41,-43,-43,-41,-41,-43,-43,-43,-43,-43,-43,-41,-43,-41,-43;


point18
AP0
-59,-59,-61,-61,-59,-59,-59,-59,-59,-59,-59,-59,-61,-59,-61,-59,-61,-59,-59,-59,-61,-59,-61,-59,-61,-61,-59,-59,-59,-61,-61,-59,-57,-59,-59,-59,-61,-59,-59,-59,-61,-59,-59,-59,-59,-61,-59,-59,-61,-59,-59,-59,-59,-59,-59,-59,-59,-59,-59,-59,-59,-59,-59,-59,-61,-61,-61,-61,-59,-59,-61,-59,-59,-61,-63,-63,-63,-63,-63,-59,-59,-59,-59,-59,-59,-59,-61,-59,-61,-59,-61,-59,-59,-59,-59,-61,-59,-61;
AP1
-55,-57,-57,-57,-57,-57,-55,-57,-55,-55,-55,-55,-55,-55,-57,-57,-57,-57,-55,-57,-55,-57,-55,-55,-57,-53,-55,-55,-57,-55,-57,-57,-57,-57,-57,-55,-55,-57,-55,-57,-55,-55,-55,-57,-55,-55,-57,-57,-57,-55,-57,-57,-57,-55,-57,-55,-57,-57,-55,-55,-57,-55,-55,-55,-55,-55,-55,-55,-57,-57,-55,-55,-55,-57,-57,-57,-55,-55,-57,-57,-57,-57,-57,-57,-57,-57,-55,-55,-55,-57,-57,-57,-57,-57,-57,-57,-57,-55,-57;
AP2
-63,-63,-63,-63,-63,-63,-61,-63,-63,-65,-61,-61,-61,-63,-63,-61,-57,-63,-61,-61,-63,-63,-61,-61,-61,-61,-61,-61,-61,-61,-61,-61,-61,-63,-63,-61,-61,-63,-61,-63,-61,-63,-61,-61,-63,-61,-61,-61,-63,-63,-61,-61,-61,-61,-61,-63,-63,-63,-61,-63,-61,-61,-63,-61,-63,-63,-63,-63,-63,-63,-63,-63,-61,-61,-59,-61,-63,-61,-63,-63,-63,-61,-63,-61,-61,-63,-63,-61,-63,-63,-67,-61,-63,-63,-63,-63,-61,-61,-61;
AP3
-49,-49,-51,-49,-49,-49,-49,-49,-49,-49,-49,-49,-49,-49,-49,-49,-49,-49,-49,-49,-49,-51,-49,-49,-49,-49,-49,-49,-49,-49,-49,-49,-51,-49,-49,-51,-49,-49,-49,-49,-51,-51,-49,-49,-49,-49,-49,-49,-49,-49,-49,-49,-49,-49,-49,-49,-49,-49,-49,-49,-49,-49,-49,-49,-49,-49,-49,-49,-49,-49,-49,-51,-49,-49,-49,-49,-49,-49,-51,-49,-49,-49,-49,-49,-49,-49,-49,-49,-49,-49,-49,-49,-49,-49,-49,-49,-49,-49,-49,-49;

point19
AP0
-65,-69,-65,-69,-69,-65,-67,-65,-69,-67,-67,-65,-69,-65,-67,-63,-67,-67,-65,-65,-63,-65,-65,-65,-65,-65,-65,-69,-69,-67,-63,-65,-67,-65,-67,-63,-67,-63,-63,-65,-61,-63,-69,-65,-65,-63,-63,-67,-65,-67,-69,-67,-65,-65,-65,-65,-63,-65,-63,-65,-69,-63,-67,-63,-65,-67,-67,-65,-67,-69,-65,-63,-69,-67,-67,-65,-65,-67,-63,-67,-67,-65;
AP1
-59,-59,-61,-59,-59,-61,-59,-59,-61,-59,-59,-59,-61,-59,-59,-59,-59,-59,-61,-61,-59,-59,-53,-59,-61,-61,-59,-61,-59,-59,-59,-59,-61,-59,-59,-59,-57,-61,-59,-57,-59,-61,-61,-61,-59,-59,-61,-59,-59,-59,-61,-59,-61,-59,-59,-59,-61,-59,-59,-59,-61,-59,-59,-59,-59,-59,-59,-59,-61,-61,-61,-61,-59,-59,-59,-61,-59,-59,-59,-59,-59,-59,-61,-61,-59,-59,-61,-59,-59,-61,-59,-61,-67,-59,-59,-59,-59,-61,-59,-61;
AP2
-63,-63,-63,-63,-63,-63,-63,-63,-63,-63,-63,-63,-65,-63,-63,-65,-63,-63,-63,-63,-63,-63,-63,-65,-63,-63,-63,-63,-63,-65,-63,-63,-63,-63,-63,-63,-63,-63,-61,-63,-63,-65,-63,-63,-63,-63,-63,-63,-63,-63,-65,-63,-63,-63,-63,-63,-63,-63,-65,-63,-63,-63,-63,-63,-63,-63,-63,-63,-63,-63,-63,-63,-63,-63,-63,-63,-63,-63,-63,-63,-63,-63,-61,-63,-63,-63,-63,-63,-63,-63,-63,-63,-63,-63,-63,-63,-63,-65,-63;
AP3
-49,-51,-49,-51,-51,-51,-51,-51,-51,-49,-49,-49,-49,-49,-49,-49,-51,-51,-51,-51,-51,-51,-51,-51,-49,-49,-51,-51,-51,-51,-51,-51,-49,-49,-49,-49,-49,-51,-51,-51,-51,-51,-51,-51,-51,-51,-51,-51,-51,-49,-51,-51,-49,-51,-51,-51,-51,-51,-49,-51,-51,-49,-51,-51,-51,-51,-49,-49,-49,-49,-49,-49,-51,-49,-51,-49,-49,-49,-49,-51,-51,-51,-51,-49,-49,-51,-51,-49,-49,-49,-49,-49,-51,-51,-51,-49,-49,-49,-49;

point20
AP0
-67,-67,-67,-63,-65,-63,-59,-65,-64,-61,-65,-65,-61,-61,-61,-63,-63,-61,-63,-65,-61,-61,-63,-63,-61,-63,-63,-63,-63,-67,-63,-63,-67,-67,-65,-63,-65,-67,-61,-65,-65,-65,-65,-63,-63,-67,-65,-67,-65,-65,-67,-65,-65,-63,-65,-67,-63,-65,-65,-63,-65,-63,-63,-63,-67,-67,-65,-65,-65,-65,-63,-69,-69,-65,-67,-65,-67,-67,-69,-63,-65,-65,-67,-65,-67,-63,-63,-65,-67;
AP1
-50,-51,-50,-49,-49,-50,-49,-50,-49,-51,-50,-50,-54,-49,-51,-45,-47,-41,-53,-48,-51,-50,-50,-49,-51,-50,-51,-51,-51,-51,-51,-50,-51,-51,-51,-51,-51,-49,-51,-51,-51,-51,-51,-51,-49,-49,-51,-51,-51,-51,-51,-51,-49,-49,-49,-51,-51,-51,-49,-49,-51,-51,-51,-51,-51,-49,-51,-49,-49,-51,-51,-49,-49,-49,-49,-49,-51,-51,-51,-49,-49,-51,-49,-51,-49,-51,-49,-49,-49,-51,-51,-49,-49,-49,-49,-51,-51,-51,-51,-49,-51,-49,-49,-49,-49,-49,-51,-51,-51,-49,-49,-51,-49,-51,-51,-49,-49,-51,-49,-51,-49,-49,-49,-51,-51,-49,-51,-49,-51,-51,-49,-51,-51,-51,-51,-51,-49,-49,-49,-51,-51,-51,-51,-49,-51,-51,-51,-51,-51,-51,-51;
AP2
-60,-59,-60,-63,-57,-59,-59,-63,-59,-59,-61,-61,-63,-63,-59,-61,-65,-67,-63,-60,-61,-59,-61,-59,-59,-59,-57,-61,-59,-59,-59,-59,-59,-59,-59,-59,-59,-61,-61,-59,-59,-59,-59,-61,-59,-59,-59,-57,-59,-57,-59,-61,-61,-59,-59,-61,-61,-59,-59,-61,-61,-61,-73,-61,-59,-61,-61,-61,-59,-61,-61,-59,-61,-59,-61,-61,-59,-59,-61,-59,-59,-61,-71,-59,-61,-59,-61,-61,-61,-59,-61,-59,-61,-61,-61,-61,-61,-61,-59,-61,-61,-59,-61,-59,-59,-59,-59,-61,-59,-61,-59,-61,-61,-59,-59,-59,-59,-59,-59,-61,-59,-61,-61,-59,-59,-59,-61,-61,-59,-59,-61,-59,-59,-59,-61,-59,-61,-61,-61,-61,-59,-59,-59,-59,-59,-59,-59,-61,-61,-61;
AP3
-57,-55,-56,-57,-57,-55,-57,-54,-55,-55,-57,-55,-55,-55,-59,-55,-61,-59,-57,-58,-59,-61,-59,-59,-62,-61,-63,-61,-63,-59,-63,-61,-61,-61,-57,-59,-59,-61,-63,-60,-61,-61,-61,-61,-63,-63,-61,-63,-61,-63,-61,-47,-47,-47,-47,-45,-47,-47,-47,-47,-47,-47,-47,-47,-47,-45,-47,-47,-47,-45,-47,-47,-47,-45,-45,-47,-47,-47,-47,-47,-45,-47,-49,-47,-45,-47,-45,-45,-45,-47,-47,-49,-47,-47,-47,-47,-45,-47,-47,-47,-47,-47,-45,-47,-47,-45,-47,-45,-45,-47,-47,-47,-45,-47,-47,-45,-45,-47,-47,-47,-47,-47,-47,-49,-45,-47,-47,-47,-47,-45,-47,-47,-47,-47,-47,-47,-47,-49,-47,-47,-47,-47,-47,-47,-47,-47,-49,-47,-47,-47,-47;

point21
AP0
-65,-65,-61,-63,-69,-65,-65,-65,-67,-65,-65,-65,-65,-63,-63,-65,-63,-65,-61,-63,-63,-61,-61,-63,-65,-63,-61,-65,-65,-63,-61,-63,-63,-63,-65,-63,-63,-63,-63,-63,-63,-65,-63,-63,-63,-61,-65,-63,-65,-63,-65,-63,-65,-61,-63,-63,-65,-63,-61,-61,-63,-65,-65,-65,-65,-65,-65,-63,-63,-65,-65,-65,-65,-63,-63,-63,-63,-63,-63,-61,-63,-63,-65,-67,-63,-63,-65,-65,-65,-65,-65,-63,-65,-65,-65,-61,-65,-65,-65,-63,-63,-63,-63,-63,-63,-63,-65,-65;
AP1
-47,-48,-47,-48,-47,-46,-47,-48,-48,-47,-48,-47,-47,-47,-48,-49,-49,-47,-48,-49,-49,-49,-49,-49,-49,-49,-47,-48,-47,-48,-49,-49,-47,-49,-47,-49,-49,-49,-49,-49,-48,-48,-49,-48,-50,-49,-49,-50,-50,-49,-49,-55,-57,-55,-55,-55,-55,-55,-57,-55,-55,-55,-55,-55,-55,-55,-55,-55,-55,-57,-55,-57,-55,-57,-55,-55,-55,-57,-55,-55,-57,-57,-57,-57,-55,-57,-57,-57,-57,-57,-55,-55,-57,-55,-55,-55,-57,-55,-57,-57,-55,-55,-55,-55,-55,-57,-57,-55,-55,-55,-55,-57,-55,-57,-55,-55,-55,-55,-57,-57,-57,-57,-57,-57,-57,-55,-55,-55,-57,-55,-57,-55,-57,-55,-55,-55,-55,-57,-55,-57,-55,-55,-55,-57,-57,-57,-57,-55,-57,-55;
AP2
-69,-69,-69,-67,-69,-65,-67,-63,-65,-67,-63,-65,-65,-65,-67,-69,-65,-61,-65,-65,-65,-67,-67,-67,-63,-69,-69,-69,-71,-69,-69,-67,-67,-67,-69,-67,-69,-67,-70,-69,-63,-69,-67,-67,-67,-63,-69,-65,-65,-69,-57,-59,-61,-59,-59,-57,-59,-59,-61,-59,-59,-59,-61,-61,-59,-59,-59,-59,-59,-59,-59,-59,-59,-59,-57,-59,-59,-59,-59,-59,-59,-59,-59,-59,-59,-59,-59,-59,-59,-59,-59,-59,-59,-59,-59,-59,-59,-59,-59,-59,-59,-59,-57,-59,-59,-59,-57,-59,-59,-59,-59,-57,-59,-59,-59,-59,-59,-57,-59,-59,-57,-59,-59,-57,-57,-59,-59,-57,-57,-59,-57,-57,-59,-59,-59,-59,-59,-57,-59,-57,-59,-59,-57,-59,-57,-59,-59,-59,-59;
AP3
-55,-53,-55,-49,-55,-53,-55,-53,-53,-53,-57,-57,-59,-55,-51,-55,-55,-55,-55,-55,-53,-59,-57,-59,-59,-57,-55,-55,-55,-57,-53,-55,-53,-55,-53,-55,-54,-53,-55,-55,-53,-55,-51,-53,-57,-55,-55,-55,-55,-55,-57,-53,-53,-55,-55,-55,-55,-55,-55,-53,-53,-55,-53,-53,-53,-55,-53,-55,-55,-55,-55,-55,-55,-53,-53,-53,-55,-55,-55,-55,-55,-53,-53,-55,-53,-53,-67,-55,-55,-53,-51,-53,-53,-55,-55,-53,-53,-53,-53,-55,-57,-55,-55,-55,-53,-53,-53,-53,-55,-55,-51,-55,-55,-55,-55,-55,-53,-55,-55,-53,-53,-53,-55,-55,-55,-55,-55,-55,-53,-55,-53,-51,-49,-51,-53,-53,-53,-55,-55,-57,-57,-57,-57,-57,-51,-55,-53,-53,-55,-53,-57;

point22
AP0
-63,-65,-63,-67,-65,-69,-63,-65,-65,-63,-65,-63,-65;
AP1
-53,-53,-53,-53,-53,-53,-52,-53,-53,-53,-53,-52,-53,-53,-53,-53,-54,-53,-53,-53,-53,-53,-54,-53,-53,-53,-53,-53,-53,-53,-53,-52,-53,-53,-53,-53,-51,-53,-53,-52,-53,-51,-53,-54,-52,-53,-53,-53,-52,-53,-53,-53,-54,-53,-53,-52,-51,-53,-53,-53,-53,-53,-53,-54,-53,-53,-53,-53,-53,-53,-51,-51,-51,-51,-51,-51,-51,-51,-51,-51,-53,-51,-51,-51,-51,-51,-51,-51,-51,-51,-51,-51,-51,-51,-49,-51,-51,-51,-49,-51,-51,-51,-51,-51,-51,-51,-51,-51,-51,-51,-51,-51,-49,-51,-51,-51,-51,-51,-51,-51,-51,-51,-51,-51,-49,-51,-51,-51,-51,-51,-51,-51,-49,-51,-51,-51,-51,-51,-49,-51,-51,-51,-49,-51,-51,-51,-51,-51,-51,-51,-51,-51,-51,-51,-51,-53,-51,-51,-49,-51,-51,-51,-51,-51,-51,-51,-51,-51,-51,-51;
AP2
-65,-63,-63,-65,-63,-63,-65,-65,-65,-65,-63,-63,-65,-61,-67,-65,-65,-63,-63,-67,-64,-65,-65,-66,-65,-65,-65,-65,-63,-69,-65,-67,-63,-67,-61,-63,-63,-63,-63,-64,-65,-63,-65,-59,-63,-61,-59,-63,-63,-61,-63,-55,-63,-63,-63,-63,-61,-63,-61,-61,-61,-63,-63,-65,-63,-65,-63,-63,-63,-65,-67,-69,-67,-69,-69,-69,-67,-69,-67,-67,-67,-67,-67,-67,-67,-67,-67,-67,-67,-67,-67,-69,-67,-67,-67,-69,-67,-67,-67,-69,-69,-69,-69,-67,-67,-67,-67,-67,-69,-67,-69,-69,-67,-69,-69,-67,-67,-67,-69,-69,-69,-69,-69,-69,-67,-67,-69,-69,-69,-67,-67,-69,-69,-67,-69,-69,-69,-69,-69,-65,-69,-69,-67,-69,-69,-69,-67,-67,-69,-69,-69,-69,-69,-67,-67,-69,-67,-67,-69,-69,-67,-67,-69,-67,-67,-69,-69,-67,-69;
AP3
-61,-61,-61,-61,-61,-63,-61,-61,-61,-59,-63,-59,-61,-63,-55,-63,-57,-61,-63,-63,-63,-61,-63,-61,-67,-61,-63,-65,-63,-63,-61,-63,-61,-61,-61,-61,-59,-59,-55,-61,-69,-65,-63,-63,-60,-63,-61,-61,-61,-63,-61,-61,-61,-61,-63,-63,-61,-61,-61,-61,-61,-61,-61,-61,-59,-61,-53,-53,-53,-51,-53,-53,-53,-53,-53,-53,-53,-53,-51,-51,-53,-53,-51,-53,-53,-53,-53,-53,-51,-53,-51,-53,-53,-51,-51,-53,-51,-53,-51,-51,-53,-51,-53,-53,-53,-53,-53,-53,-53,-53,-51,-53,-53,-53,-53,-53,-53,-53,-53,-51,-53,-51,-51,-53,-53,-53,-53,-53,-53,-53,-53,-53,-51,-53,-53,-53,-53,-53,-53,-53,-53,-53,-53,-53,-53,-53,-53,-51,-51,-53,-53,-53,-55,-53,-53,-53,-53,-51,-53,-53,-53,-53,-53;

point23
AP0
-67,-65,-65,-63;
AP1
-52,-58,-57,-58,-58,-58,-57,-56,-58,-58,-58,-57,-59,-57,-58,-57,-58,-57,-59,-52,-52,-59,-56,-57,-57,-57,-56,-57,-56,-58,-51,-56,-57,-53,-55,-56,-56,-56,-55,-55,-54,-55,-54,-54,-54,-55,-55,-55,-54,-55,-54,-54,-54,-53,-54,-54,-54,-56,-55,-56,-56,-55,-53,-55,-55,-55,-55,-56,-55,-55,-55,-55,-56,-57,-55,-55,-55,-55,-53,-55,-54,-54,-53,-54,-54,-53,-55,-55,-54,-55,-63,-63,-61,-61,-63,-61,-63,-63,-61,-61,-61,-63,-63,-61,-63,-61,-61,-61,-63,-61,-61,-63,-59,-61,-59,-61,-63,-61,-61,-61,-61,-61,-59,-61,-63,-63,-61,-61,-63,-61,-59,-61,-61,-61,-61,-61,-61,-61,-59,-61,-61,-63,-61,-63,-61,-61,-61,-61,-61,-61,-61,-61,-61,-63,-61,-61,-61,-63,-63,-61,-59,-63,-61,-63,-59,-61,-61,-61,-61,-63,-63,-63,-63,-63,-61,-59,-61,-61,-61,-59,-61,-61,-61,-63,-61,-61,-63,-59,-61,-61;
AP2
-59,-61,-61,-59,-61,-60,-59,-59,-59,-60,-60,-61,-59,-61,-59,-60,-59,-61,-61,-63,-59,-57,-57,-57,-55,-59,-59,-59,-57,-56,-49,-59,-67,-59,-59,-57,-59,-58,-59,-57,-67,-61,-63,-61,-61,-65,-63,-63,-63,-63,-61,-63,-63,-65,-64,-63,-63,-63,-68,-61,-65,-65,-63,-61,-63,-63,-63,-63,-65,-67,-61,-65,-61,-63,-61,-63,-65,-61,-64,-63,-63,-65,-67,-67,-67,-67,-67,-67,-67,-69,-67,-69,-67,-69,-67,-67,-67,-69,-69,-67,-67,-69,-67,-67,-69,-67,-67,-67,-67,-67,-67,-69,-67,-69,-67,-67,-69,-69,-69,-69,-67,-69,-69,-67,-67,-69,-69,-67,-67,-67,-65,-69,-67,-67,-65,-67,-69,-67,-69,-67,-67,-67,-69,-67,-69,-69,-69,-69,-69,-69,-69,-67,-69,-69,-69,-67,-67,-67,-69,-69,-69,-69,-67,-69,-69,-73,-67,-69,-69,-67,-67,-69,-67,-69,-69,-65,-67,-69,-69,-75,-71;
AP3
-63,-63,-63,-61,-63,-63,-61,-61,-63,-63,-65,-65,-65,-67,-63,-67,-63,-63,-63,-61,-55,-61,-61,-57,-61,-59,-59,-59,-61,-61,-63,-54,-57,-59,-59,-55,-55,-57,-57,-59,-59,-60,-58,-58,-59,-61,-57,-58,-59,-59,-59,-59,-59,-59,-59,-59,-59,-59,-59,-59,-59,-59,-59,-59,-61,-59,-57,-59,-59,-59,-59,-59,-59,-61,-59,-59,-55,-59,-59,-59,-59,-61,-57,-59,-57,-61,-59,-59,-59,-59,-59,-53,-55,-53,-55,-55,-55,-55,-55,-55,-55,-55,-55,-53,-53,-55,-53,-55,-53,-55,-55,-53,-55,-53,-53,-55,-53,-53,-53,-53,-53,-53,-53,-55,-53,-53,-53,-55,-55,-55,-55,-53,-53,-53,-53,-53,-55,-55,-53,-53,-55,-55,-53,-55,-49,-53,-53,-53,-55,-53,-53,-53,-53,-55,-55,-55,-55,-53,-53,-53,-55,-55,-55,-55,-55,-55,-55,-53,-55,-57,-55,-55,-55,-55,-55,-55,-55,-55,-55,-55,-53,-55,-53,-55,-53,-55,-55,-55,-53,-55,-53;


point24
AP0
-65,-65,-67,-65,-63,-63,-65,-63,-65,-63,-67,-69,-63,-63,-65,-63,-67,-63,-63,-67,-65,-67,-63,-67,-65,-63,-69,-63,-65,-67,-63,-63,-61,-61,-63,-61,-63,-63,-63,-63,-63,-63,-63,-65,-63,-63,-65,-63,-69,-69,-65,-65,-65,-67,-65,-63,-65,-65,-67,-65,-69,-71,-65,-65,-69,-67,-65,-65,-67,-63,-65,-67,-67,-63,-63,-65,-67,-65,-69,-67,-63,-63,-63,-63,-63,-67,-69,-65,-63,-65,-65,-65,-67,-67,-65;
AP1
-49,-49,-49,-49,-49,-49,-49,-49,-49,-49,-49,-49,-49,-49,-49,-49,-49,-49,-49,-49,-49,-48,-49,-49,-49,-49,-49,-49,-49,-49,-49,-49,-49,-49,-49,-49,-49,-49,-49,-49,-49,-49,-49,-49,-49,-49,-49,-49,-49,-49,-49,-49,-49,-49,-49,-49,-49,-49,-49,-49,-49,-40,-41,-41,-41,-41,-41,-41,-41,-41,-40,-41,-41,-41,-39,-41,-41,-41,-41,-41,-40,-41,-41,-40,-40,-41,-41,-41,-41,-41,-41,-40,-41,-41,-42,-39,-41,-41,-41,-41,-41,-41,-41,-41,-41,-40,-41,-40,-41,-41,-40,-43,-45,-45,-45,-43,-45,-45,-43,-41,-43,-41,-43,-43,-43,-43,-43,-41,-43,-45,-45,-43,-41,-43,-41,-43,-43,-45,-43,-43,-45,-43,-43,-43,-41,-45,-43,-45,-43,-43,-41,-45,-43,-43,-45,-41,-43,-43,-45,-43,-45,-45,-45,-43,-43,-43,-43,-43,-45,-45,-45,-43,-43,-43,-41,-43,-43,-43,-43,-45,-43,-45,-43,-43,-43,-45,-43,-41,-41,-43,-45,-43,-43,-43,-45,-43,-45,-41,-45,-41,-43,-43,-43,-45,-45,-41,-45,-43,-41,-41,-43;
AP2
-59,-57,-59,-57,-57,-57,-57,-57,-57,-57,-57,-59,-57,-59,-57,-57,-57,-57,-57,-57,-57,-59,-58,-59,-57,-59,-56,-59,-59,-58,-59,-59,-59,-59,-58,-61,-59,-59,-59,-61,-59,-59,-59,-59,-57,-59,-57,-59,-59,-57,-59,-59,-57,-59,-59,-57,-59,-57,-59,-59,-59,-57,-57,-57,-57,-55,-57,-57,-57,-57,-57,-57,-57,-57,-57,-57,-57,-57,-57,-59,-58,-57,-57,-57,-57,-57,-59,-57,-57,-57,-59,-57,-59,-57,-57,-59,-57,-57,-57,-59,-59,-59,-57,-57,-59,-57,-57,-57,-57,-57,-59,-57,-57,-57,-57,-57,-57,-59,-57,-57,-57,-57,-57,-57,-57,-57,-57,-57,-57,-57,-57,-57,-57,-55,-57,-57,-57,-57,-59,-57,-57,-57,-57,-57,-57,-57,-57,-57,-57,-57,-57,-57,-57,-57,-57,-57,-57,-57,-57,-57,-59,-57,-57,-57,-57,-57,-59,-57,-57,-57,-57,-57,-57,-57,-59,-57,-57,-59,-59,-57,-57,-59,-57,-57,-57,-57,-57,-57,-57,-57,-57,-57,-57,-57,-55,-57,-57,-57,-57,-57,-57,-57,-57,-57,-57,-57,-57,-57,-57;
AP3
-61,-61,-62,-61,-61,-61,-61,-59,-61,-61,-61,-61,-63,-63,-63,-61,-63,-61,-61,-61,-63,-63,-61,-57,-59,-59,-57,-61,-61,-61,-57,-63,-63,-59,-67,-61,-65,-63,-65,-65,-61,-63,-61,-63,-63,-63,-61,-61,-62,-61,-61,-61,-61,-61,-61,-61,-61,-59,-62,-61,-59,-59,-59,-59,-57,-61,-59,-57,-59,-57,-61,-59,-61,-57,-59,-58,-57,-59,-61,-59,-58,-61,-57,-59,-57,-59,-57,-61,-57,-59,-57,-59,-59,-59,-57,-59,-57,-59,-59,-59,-58,-59,-61,-57,-59,-58,-58,-59,-57,-57,-59,-51,-53,-49,-51,-55,-57,-55,-53,-53,-51,-53,-55,-53,-51,-53,-53,-55,-53,-51,-55,-51,-53,-55,-51,-55,-51,-53,-53,-55,-55,-55,-53,-53,-53,-53,-53,-51,-53,-53,-55,-53,-53,-53,-51,-51,-57,-53,-57,-55,-49,-53,-53,-53,-55,-53,-51,-55,-53,-55,-49,-53,-53,-53,-53,-49,-53,-53,-53,-53,-53,-51,-53,-53,-51,-53,-51,-53,-53,-51,-53,-51,-47,-53,-53,-53,-53,-53,-47,-53,-47,-51,-51,-51,-53,-51,-53,-51,-51,-53;

point25
AP0
-69,-69,-67,-63,-65,-67,-65,-67,-65,-63,-67,-65,-63,-67,-65,-65,-69,-61,-65,-63,-65,-69,-65,-67,-67,-65,-65,-65,-63,-63,-63,-63,-63,-67,-63,-63,-65,-69,-65,-65,-63,-65,-63,-65,-65,-65,-65,-61,-61,-63,-65,-63,-63,-61,-63,-61,-61,-61,-59,-63,-63,-65,-61,-63,-63,-65,-65,-63,-63,-61,-67,-67,-63,-65,-63,-63,-65,-65,-67,-63,-65,-63,-63,-67,-65,-61,-63,-61,-63,-63,-61,-63,-65,-65,-65,-65,-63,-63,-63,-63,-65,-67,-63,-63,-67,-65,-67,-61,-63,-63;
AP1
-63,-61,-62,-63,-60,-61,-61,-62,-63,-61,-62,-60,-61,-60,-63,-61,-62,-63,-61,-62,-63,-61,-62,-60,-61,-61,-62,-62,-63,-61,-63,-61,-62,-63,-65,-58,-62,-61,-59,-59,-61,-59,-59,-59,-59,-59,-59,-57,-57,-59,-59,-59,-59,-59,-59,-57,-57,-59,-59,-57,-59,-59,-59,-57,-59,-59,-59,-59,-57,-59,-59,-59,-59,-57,-59,-57,-57,-59,-59,-59,-59,-59,-59,-59,-59,-59,-59,-59,-59,-59,-59,-57,-57,-59,-59,-59,-57,-57,-57,-59,-59,-59,-57,-61,-59,-59,-59,-61,-65,-59,-59,-59,-59,-59,-59,-59,-59,-59,-59,-59,-59,-59,-59,-57,-61,-59,-59,-57,-59,-61,-59,-59,-59,-59,-57,-59,-59,-61;
AP2
-60,-59,-62,-61,-61,-59,-59,-59,-59,-63,-59,-59,-59,-59,-61,-61,-61,-61,-59,-59,-61,-59,-60,-59,-59,-59,-59,-59,-61,-59,-61,-57,-59,-59,-59,-59,-59,-59,-63,-63,-63,-61,-63,-63,-63,-61,-63,-63,-63,-63,-63,-63,-63,-63,-61,-63,-63,-63,-65,-63,-63,-63,-63,-63,-61,-63,-61,-65,-63,-63,-63,-63,-63,-63,-65,-63,-63,-63,-63,-61,-63,-61,-63,-63,-63,-63,-63,-63,-63,-63,-63,-63,-61,-63,-63,-63,-63,-61,-63,-63,-63,-63,-63,-65,-61,-63,-63,-63,-63,-63,-63,-63,-63,-61,-63,-61,-63,-63,-63,-63,-63,-63,-61,-61,-63,-63,-63,-65,-63,-61,-63,-63,-63,-63,-61,-63,-63;
AP3
-49,-49,-49,-49,-47,-49,-49,-49,-47,-47,-47,-51,-49,-51,-53,-51,-49,-49,-51,-49,-49,-49,-49,-47,-49,-55,-45,-49,-53,-49,-49,-49,-47,-51,-49,-49,-46,-49,-51,-51,-51,-51,-51,-51,-49,-51,-51,-51,-51,-51,-51,-51,-51,-51,-51,-51,-49,-51,-51,-51,-51,-51,-51,-51,-51,-49,-49,-51,-49,-51,-51,-51,-49,-51,-49,-51,-51,-49,-51,-51,-51,-51,-51,-51,-51,-49,-51,-51,-51,-51,-49,-51,-49,-51,-49,-51,-51,-49,-51,-49,-49,-51,-49,-51,-49,-51,-51,-51,-51,-49,-51,-51,-51,-51,-51,-51,-51,-51,-49,-51,-51,-51,-51,-51,-51,-51,-51,-51,-51,-49,-49,-51,-51,-51,-49,-49,-51;

point26
AP0
-59,-61,-59,-59,-61,-59,-61,-61,-59,-61,-63,-63,-61,-63,-61,-63,-61,-61,-61,-61,-61,-61,-61,-61,-61,-61,-63,-63,-61,-61,-61,-61,-61,-61,-61,-61,-63,-63,-61,-63,-59,-61,-61,-61,-61,-61,-61,-61,-63,-63,-61,-61,-59,-61,-59,-61,-61,-61,-61,-59,-63,-61,-61,-59,-61,-61,-63,-61,-63,-59,-61,-59,-61,-61,-61,-63,-61,-61,-63,-61,-61,-63,-61,-61,-61,-61,-63,-59,-63,-61,-61,-61,-61,-61,-61,-61,-61,-61;
AP1
-55,-55,-55,-55,-55,-55,-57,-57,-57,-57,-55,-57,-57,-57,-57,-55,-57,-55,-57,-57,-57,-57,-57,-57,-57,-55,-55,-57,-55,-57,-55,-57,-57,-57,-57,-57,-57,-57,-55,-55,-55,-57,-57,-57,-55,-55,-57,-57,-55,-57,-57,-55,-57,-57,-57,-57,-55,-55,-57,-57,-57,-55,-55,-57,-57,-55,-57,-57,-57,-57,-57,-57,-55,-57,-57,-57,-59,-57,-55,-57,-55,-55,-55,-57,-55,-57,-57,-57,-55,-55,-57,-55,-55,-57,-57,-57,-57,-55,-57;
AP2
-59,-61,-61,-61,-59,-59,-59,-61,-61,-61,-61,-61,-61,-59,-59,-59,-59,-61,-61,-59,-61,-59,-59,-61,-61,-61,-63,-61,-59,-61,-61,-63,-61,-61,-61,-61,-61,-61,-61,-61,-61,-61,-61,-61,-59,-61,-61,-61,-61,-63,-61,-61,-63,-61,-61,-61,-61,-59,-61,-61,-61,-61,-61,-61,-61,-61,-61,-61,-61,-61,-61,-61,-61,-63,-61,-61,-61,-61,-61,-61,-61,-61,-61,-61,-61,-59,-61,-61,-61,-61,-61,-61,-61,-61,-61,-61,-61,-61,-61,-59;
AP3
-51,-51,-51,-51,-51,-51,-51,-51,-51,-51,-51,-51,-53,-53,-51,-53,-51,-53,-53,-53,-53,-53,-53,-53,-53,-53,-51,-51,-51,-51,-53,-51,-51,-53,-51,-51,-51,-51,-51,-51,-53,-51,-69,-51,-51,-51,-51,-51,-51,-51,-51,-51,-51,-51,-51,-51,-51,-51,-51,-51,-51,-51,-51,-51,-53,-51,-51,-51,-51,-51,-53,-51,-53,-53,-51,-51,-51,-51,-53,-51,-51,-51,-53,-51,-51,-51,-53,-51,-53,-51,-51,-51,-53,-51,-51,-51,-51,-51,-51;

point27
AP0
-65,-63,-65,-67,-65,-63,-63,-61,-65,-65,-63,-65,-63,-65,-67,-63,-65,-61,-65,-63,-63,-65,-65,-65,-61,-63,-65,-63,-61,-65,-65,-67,-65,-65,-61,-63,-61,-63,-63,-63,-65,-61,-65,-63,-61,-63,-63,-63,-61,-61,-63,-63,-63,-65,-63,-65,-65,-61,-63,-61,-61,-63,-63,-63,-67,-61,-65,-63,-63,-65,-63,-65,-63,-63,-61,-65,-67,-61,-61,-63,-63,-61,-63,-63,-65,-63,-61,-63,-61,-61,-61,-63,-63,-63,-59,-61,-61,-65,-63;
AP1
-61,-61,-61,-61,-63,-63,-59,-61,-61,-61,-61,-61,-61,-61,-63,-61,-61,-59,-59,-61,-61,-61,-61,-61,-61,-61,-61,-61,-61,-61,-61,-61,-63,-61,-61,-61,-61,-61,-61,-61,-61,-61,-63,-61,-61,-63,-59,-61,-61,-63,-63,-61,-61,-63,-63,-63,-63,-61,-61,-61,-61,-59,-61,-61,-59,-63,-61,-59,-61,-63,-63,-61,-61,-63,-63,-63,-63,-61,-59,-61,-63,-63,-61,-61,-61,-63,-63,-61,-61,-59,-59,-63,-61,-59,-61,-61,-61,-61,-59;
AP2
-65,-65,-63,-63,-63,-65,-63,-65,-63,-63,-65,-63,-63,-65,-65,-65,-67,-63,-63,-63,-65,-65,-65,-65,-65,-65,-65,-63,-65,-63,-65,-65,-65,-65,-65,-65,-63,-65,-65,-63,-63,-63,-65,-61,-65,-63,-65,-65,-65,-63,-67,-65,-67,-65,-63,-65,-65,-65,-67,-65,-65,-65,-67,-65,-67,-65,-63,-63,-63,-63,-63,-65,-65,-65,-63,-65,-63,-65,-65,-61,-63,-63,-63,-65,-63,-65,-65,-65,-63,-63,-65,-65,-65,-67,-65,-65,-63,-65,-63;
AP3
-53,-53,-53,-67,-55,-55,-55,-53,-55,-53,-53,-55,-53,-53,-53,-53,-53,-55,-53,-53,-55,-51,-53,-53,-53,-53,-53,-53,-53,-53,-53,-53,-53,-53,-53,-53,-53,-53,-55,-53,-53,-53,-55,-55,-53,-55,-53,-51,-53,-53,-53,-55,-53,-53,-55,-53,-55,-53,-53,-53,-53,-53,-53,-55,-53,-53,-53,-53,-53,-55,-53,-53,-53,-55,-55,-55,-55,-55,-55,-55,-55,-55,-55,-55,-55,-55,-55,-55,-53,-55,-55,-55,-55,-55,-55,-55,-55,-55,-55;

point28
AP0
-63,-63,-63,-63,-65,-65,-65,-63,-63,-63,-63,-67,-65,-67,-63,-65,-65,-65,-67,-65,-65,-65,-67,-65,-61,-63,-65,-65,-67,-65,-67,-65,-63,-61,-65,-65,-61,-63,-65,-67,-63,-63,-63,-65,-65,-61,-67,-63,-65,-63,-65,-65,-63,-67,-63,-63,-67,-63,-67,-63,-65,-61,-65,-63,-65,-65,-67,-63,-63,-63,-63,-63,-63,-67,-67,-63,-67,-65,-67,-65,-67,-63,-69,-67,-63,-63,-65,-65,-69,-67,-65,-65,-63,-67,-63,-67,-63,-65,-63,-63;
AP1
-55,-55,-55,-55,-53,-55,-53,-55,-55,-55,-53,-53,-53,-53,-53,-55,-53,-55,-55,-55,-53,-53,-55,-53,-55,-53,-55,-55,-55,-55,-55,-55,-55,-55,-55,-55,-53,-55,-55,-55,-55,-55,-55,-55,-55,-55,-53,-55,-51,-55,-53,-55,-55,-53,-53,-53,-53,-53,-55,-55,-53,-53,-55,-55,-55,-55,-53,-55,-55,-55,-53,-55,-55,-53,-55,-55,-55,-55,-55,-55,-53,-53,-55,-53,-55,-55,-55,-55,-55,-55,-55,-55,-55,-53,-53,-53,-53,-55,-55;
AP2
-59,-59,-59,-57,-59,-59,-59,-57,-59,-59,-59,-59,-59,-57,-59,-57,-59,-57,-59,-57,-59,-57,-61,-59,-57,-59,-59,-59,-57,-59,-59,-59,-59,-57,-57,-57,-59,-57,-59,-59,-59,-57,-57,-59,-59,-59,-59,-59,-57,-57,-57,-57,-59,-59,-57,-59,-59,-59,-59,-57,-59,-59,-59,-59,-61,-59,-59,-59,-59,-59,-59,-59,-59,-57,-59,-59,-59,-59,-59,-59,-59,-59,-57,-59,-57,-59,-59,-59,-59,-59,-59,-59,-59,-59,-57,-59,-59,-59,-59,-59;
AP3
-57,-57,-57,-57,-57,-57,-59,-57,-57,-59,-57,-57,-59,-59,-59,-57,-57,-57,-57,-57,-57,-57,-57,-59,-57,-59,-57,-57,-59,-57,-59,-59,-59,-57,-57,-57,-59,-59,-59,-57,-57,-57,-59,-59,-57,-59,-57,-59,-57,-57,-57,-59,-57,-57,-57,-57,-57,-57,-57,-59,-57,-57,-59,-55,-55,-59,-59,-59,-55,-55,-59,-57,-59,-59,-61,-59,-55,-57,-57,-59,-61,-61,-57,-57,-57,-55,-55,-55,-57,-57,-55,-57,-55,-57,-59,-57,-59,-61,-57,-61;

point29
AP0
-65,-65,-67,-67,-69,-69,-69,-65,-69,-67,-63,-65,-67,-67,-67,-63,-65,-69,-69,-69,-67,-65,-67,-67,-67,-65,-69,-69,-63,-65,-67,-65,-67,-67,-65,-63,-65,-69,-69,-65,-65,-65,-69,-69,-69,-69,-65,-65,-65,-65,-71,-69,-69,-67,-69,-69,-71,-67,-65,-67,-65,-67,-69,-65,-65,-69,-63,-65,-65,-69,-71,-67,-69,-67,-67,-69,-65,-69,-65,-65,-65,-65,-69,-63,-63,-67,-67,-69,-67,-69,-65,-67,-67,-67,-67,-67,-65,-65;
AP1
-55,-55,-55,-55,-55,-57,-57,-55,-55,-57,-55,-55,-55,-55,-55,-55,-57,-55,-55,-57,-55,-55,-55,-57,-57,-55,-55,-57,-57,-55,-57,-55,-57,-57,-57,-55,-55,-57,-55,-57,-55,-57,-57,-57,-55,-57,-55,-55,-55,-57,-55,-55,-57,-55,-57,-57,-55,-55,-55,-55,-55,-55,-57,-57,-57,-55,-55,-55,-57,-55,-55,-57,-55,-55,-57,-57,-55,-57,-55,-57,-57,-55,-55,-55,-55,-57,-55,-57,-57,-55,-57,-55,-57,-55,-57,-55,-57,-57,-55;
AP2
-61,-61,-61,-61,-59,-59,-61,-61,-61,-61,-61,-61,-61,-61,-59,-59,-59,-59,-61,-59,-61,-59,-61,-61,-59,-59,-61,-59,-61,-61,-61,-61,-61,-61,-61,-59,-59,-61,-59,-59,-59,-61,-61,-61,-59,-61,-59,-61,-59,-59,-61,-61,-61,-59,-61,-59,-61,-61,-59,-61,-63,-61,-61,-61,-59,-61,-59,-59,-59,-61,-61,-59,-61,-61,-59,-61,-61,-59,-59,-61,-61,-61,-61,-61,-61,-59,-61,-59,-59,-61,-61,-61,-61,-59,-61,-61,-59,-61,-61,-59;
AP3
-61,-63,-63,-61,-63,-61,-61,-63,-63,-61,-63,-63,-63,-61,-63,-61,-61,-61,-61,-61,-61,-63,-63,-61,-59,-63,-61,-61,-63,-63,-61,-63,-61,-61,-61,-61,-63,-61,-63,-59,-61,-61,-61,-63,-59,-59,-61,-63,-61,-61,-65,-63,-61,-63,-61,-61,-61,-61,-61,-61,-61,-61,-61,-63,-61,-63,-61,-61,-61,-61,-65,-63,-61,-71,-63,-61,-61,-61,-63,-61,-61,-59,-61,-61,-61,-61,-61,-59,-59,-59,-61,-59,-59,-61,-61,-61,-59,-59,-61;

point30
AP0
-67,-63,-67,-63,-63,-65,-67,-67,-67,-63,-67,-65,-67,-63,-63,-65,-63,-65,-63,-67,-65,-63,-67,-65,-63,-67,-67,-67,-65,-67,-65,-67,-69,-67,-65,-69,-67,-67,-65,-65,-61,-65,-65,-63,-67,-67,-65,-65,-65,-67,-65,-63,-63,-63,-65,-65,-67,-65,-67,-63,-63,-63,-61,-65,-67,-65,-65,-63,-67,-69,-67,-65,-65,-65,-67,-67,-63,-65,-65,-65,-65,-63,-69,-67,-65,-63,-63,-63,-65,-65,-63,-65,-67,-69,-63,-65,-65,-63;
AP1
-49,-49,-49,-49,-49,-49,-49,-49,-49,-49,-49,-49,-49,-49,-49,-49,-49,-49,-49,-49,-51,-49,-49,-49,-49,-49,-49,-49,-49,-49,-49,-49,-47,-49,-49,-49,-49,-49,-49,-49,-49,-49,-49,-49,-51,-49,-49,-49,-49,-49,-49,-49,-49,-51,-49,-49,-49,-51,-49,-49,-49,-49,-49,-49,-49,-47,-49,-49,-49,-49,-49,-49,-49,-49,-49,-49,-49,-49,-49,-49,-49,-49,-49,-49,-49,-49,-49,-49,-49,-49,-49,-49,-49,-49,-49,-49,-47,-49,-49;
AP2
-61,-61,-63,-63,-61,-65,-61,-63,-63,-61,-61,-61,-63,-61,-61,-63,-63,-63,-61,-65,-61,-63,-63,-63,-61,-63,-63,-63,-63,-75,-59,-63,-63,-61,-63,-63,-63,-63,-63,-63,-63,-63,-63,-61,-61,-61,-63,-63,-61,-63,-61,-61,-61,-61,-63,-61,-63,-63,-63,-63,-63,-63,-65,-65,-63,-63,-61,-63,-63,-63,-63,-63,-63,-63,-63,-61,-61,-61,-63,-63,-63,-63,-63,-63,-63,-65,-61,-63,-61,-63,-63,-61,-61,-61,-63,-63,-63,-63,-63;
AP3
-61,-63,-61,-61,-59,-63,-63,-63,-63,-61,-61,-61,-63,-61,-61,-61,-61,-63,-59,-61,-61,-61,-61,-63,-63,-61,-63,-61,-61,-63,-63,-63,-59,-65,-61,-63,-61,-61,-63,-61,-61,-61,-61,-59,-61,-61,-61,-61,-61,-59,-63,-61,-59,-61,-61,-61,-61,-61,-61,-61,-63,-61,-63,-61,-61,-61,-63,-63,-63,-61,-63,-59,-61,-61,-61,-61,-63,-61,-61,-63,-61,-61,-59,-59,-63,-63,-63,-61,-61,-63,-61,-61,-61,-63,-61,-61,-61,-61;

point31
AP0
-69,-65,-69,-65,-65,-65,-63,-65,-63,-65,-63,-67,-63,-65,-65,-63,-67,-65,-65,-63,-63,-67,-63,-67,-65,-63,-63,-67,-65,-65,-65,-63,-63,-65,-63,-67,-63,-67,-63,-65,-67,-63,-67,-67,-65,-67,-63,-63,-67,-63,-63,-67,-65,-63,-67,-65,-65,-63,-63,-65,-69,-63,-63,-63,-63,-65,-65,-63,-67,-63,-63,-67,-63,-65,-67,-63,-65,-67,-67,-63,-65,-65,-63,-63,-63,-63,-65,-63,-67,-63,-67,-63,-67,-65,-63,-65,-63,-67,-67,-67,-63,-65,-65,-67,-67,-65,-63,-63,-65,-65,-67,-67,-63,-69,-67,-65,-65,-69,-67,-67;
AP1
-45,-43,-43,-43,-44,-45,-43,-43,-45,-44,-45,-44,-43,-43,-44,-45,-44,-44,-43,-45,-44,-45,-45,-43,-44,-45,-43,-45,-45,-45,-45,-45,-43,-43,-45,-43,-45,-45,-45,-45,-45,-44,-45,-43,-45,-45,-45,-43,-45,-45,-43,-51,-49,-49,-51,-49,-49,-49,-49,-49,-49,-49,-49,-49,-49,-49,-49,-49,-49,-49,-49,-51,-49,-49,-49,-49,-49,-51,-51,-49,-49,-51,-49,-49,-49,-49,-49,-49,-51,-51,-51,-49,-49,-49,-49,-49,-49,-49,-51,-49,-49,-49,-49,-49,-49,-49,-49,-49,-49,-51,-49,-51,-47,-49,-49,-49,-47,-51,-49,-51,-49,-49,-51,-51,-49,-49,-51,-49,-49,-49,-49,-49,-49,-49,-49,-49,-49,-49,-51,-49,-49,-51,-49,-49,-51,-49,-49,-51,-49,-51;
AP2
-61,-59,-61,-61,-61,-63,-61,-63,-59,-59,-61,-61,-63,-61,-63,-61,-61,-61,-62,-61,-63,-61,-63,-61,-61,-61,-59,-61,-59,-61,-59,-61,-61,-61,-62,-61,-59,-61,-61,-63,-63,-61,-59,-61,-63,-61,-61,-61,-61,-59,-63,-63,-63,-63,-63,-63,-63,-63,-63,-63,-63,-63,-63,-65,-65,-63,-63,-63,-65,-65,-63,-63,-63,-65,-65,-65,-63,-63,-63,-63,-63,-63,-63,-63,-65,-65,-63,-65,-65,-63,-65,-63,-63,-63,-63,-65,-63,-63,-65,-65,-63,-63,-63,-63,-63,-63,-63,-65,-63,-63,-63,-63,-63,-65,-65,-63,-63,-63,-63,-63,-63,-61,-63,-63,-63,-63,-63,-65,-63,-65,-65,-61,-63,-63,-63,-63,-63,-65,-63,-63,-63,-63,-63,-63,-63,-63,-63,-65,-63,-65;
AP3
-51,-53,-65,-53,-53,-53,-53,-53,-53,-53,-53,-53,-52,-53,-51,-53,-51,-51,-51,-53,-53,-53,-53,-53,-51,-52,-51,-53,-53,-53,-51,-53,-53,-51,-53,-51,-53,-51,-52,-51,-53,-51,-51,-51,-53,-53,-51,-51,-51,-53,-51,-57,-57,-57,-57,-57,-55,-57,-57,-57,-57,-57,-57,-57,-57,-57,-57,-57,-55,-57,-57,-57,-57,-57,-57,-57,-57,-57,-57,-57,-57,-55,-57,-57,-57,-57,-57,-57,-57,-57,-57,-57,-57,-57,-57,-57,-57,-57,-57,-57,-57,-57,-57,-57,-57,-57,-57,-57,-57,-57,-57,-57,-59,-57,-57,-57,-57,-57,-57,-57,-57,-57,-57,-57,-57,-59,-57,-57,-57,-57,-57,-57,-57,-57,-57,-55,-57,-57,-57,-57,-57,-57,-57,-57,-57,-57,-57,-57,-57,-57;

point32
AP0
-67,-73,-67,-65,-65,-67,-63,-63,-67,-67,-67;
AP1
-41,-41,-41,-41,-40,-41,-41,-40,-41,-41,-41,-41,-41,-41,-41,-41,-40,-41,-41,-41,-41,-41,-41,-41,-41,-41,-41,-41,-42,-41,-41,-41,-41,-41,-41,-41,-41,-41,-41,-41,-41,-41,-41,-41,-41,-41,-41,-41,-41,-41,-41,-57,-57,-55,-55,-57,-55,-57,-57,-57,-57,-55,-55,-57,-57,-57,-55,-55,-55,-57,-57,-55,-57,-55,-57,-55,-57,-57,-55,-57,-57,-55,-57,-57,-57,-57,-57,-55,-55,-57,-57,-57,-57,-57,-55,-57,-57,-55,-55,-57,-55,-57,-57,-55,-55,-55,-57,-57,-57,-57,-57,-57,-57,-57,-57,-55,-57,-57,-55,-57,-57,-57,-57,-57,-57,-57,-57,-57,-57,-57,-55,-55,-57,-57,-55,-57,-55,-55,-57,-57,-55,-55,-55,-55,-57,-57,-57,-57,-55,-57,-55;
AP2
-61,-60,-61,-57,-61,-61,-60,-59,-59,-61,-63,-61,-61,-61,-59,-62,-62,-61,-63,-61,-61,-64,-57,-63,-61,-61,-63,-59,-59,-61,-61,-61,-61,-61,-61,-61,-60,-63,-61,-61,-61,-61,-61,-61,-63,-61,-61,-61,-63,-67,-65,-67,-69,-67,-67,-67,-69,-69,-65,-67,-67,-67,-67,-67,-67,-65,-67,-65,-69,-65,-67,-65,-67,-69,-67,-67,-67,-69,-65,-65,-65,-67,-65,-65,-63,-67,-65,-67,-67,-67,-69,-69,-67,-67,-65,-77,-67,-65,-67,-67,-67,-69,-67,-67,-69,-67,-65,-65,-67,-63,-63,-69,-69,-65,-69,-67,-67,-67,-67,-65,-67,-67,-65,-67,-65,-67,-69,-65,-67,-65,-65,-67,-67,-69,-67,-67,-67,-67,-67,-67,-67,-67,-69,-67,-67,-65,-67;
AP3
-59,-61,-61,-61,-61,-59,-59,-59,-61,-60,-59,-59,-59,-63,-61,-61,-61,-61,-65,-61,-61,-61,-59,-59,-59,-59,-61,-59,-61,-59,-61,-59,-63,-61,-59,-59,-59,-61,-59,-59,-61,-61,-59,-61,-57,-60,-59,-61,-59,-61,-59,-53,-51,-53,-53,-53,-51,-53,-53,-53,-51,-53,-53,-51,-51,-53,-53,-53,-51,-53,-53,-53,-51,-51,-53,-51,-51,-53,-51,-53,-53,-53,-51,-53,-53,-51,-53,-51,-51,-53,-51,-53,-51,-51,-53,-53,-51,-53,-53,-51,-53,-53,-51,-53,-51,-51,-51,-51,-51,-51,-51,-51,-53,-53,-53,-53,-53,-53,-53,-51,-53,-51,-51,-53,-51,-53,-51,-53,-53,-53,-53,-51,-53,-53,-53,-53,-51,-53,-53,-51,-53,-53,-51,-53,-51,-53,-53,-53,-53,-53,-53;

point33
AP0
-71,-69,-69,-71,-67,-65,-71,-65,-63,-65;
AP1
-57,-59,-57,-57,-59,-57,-57,-59,-57,-57,-57,-59,-57,-57,-57,-57,-57,-59,-57,-55,-57,-57,-59,-57,-57,-59,-57,-57,-57,-57,-59,-57,-59,-57,-57,-57,-57,-57,-57,-57,-57,-59,-59,-57,-55,-57,-57,-59,-57,-59,-59,-59,-57,-57,-57,-59,-57,-57,-59,-59,-57,-57,-57,-57,-57,-57,-57,-59,-59,-59,-57,-59,-57,-57,-57,-57,-57,-57,-59,-57,-57,-59,-59,-57,-57,-59,-57,-57,-57,-59,-57,-57,-57,-57,-57,-57,-57,-57,-57,-59;
AP2
-55,-55,-57,-57,-55,-55,-57,-55,-55,-57,-57,-55,-55,-57,-55,-55,-55,-55,-55,-55,-57,-55,-55,-57,-55,-55,-55,-57,-55,-57,-55,-57,-55,-55,-57,-55,-55,-57,-55,-57,-55,-57,-55,-55,-57,-55,-55,-55,-55,-55,-55,-55,-55,-55,-55,-55,-57,-55,-57,-57,-55,-55,-55,-57,-55,-55,-55,-55,-55,-57,-57,-55,-57,-57,-55,-57,-57,-55,-55,-57,-57,-57,-55,-55,-57,-57,-55,-55,-57,-57,-57,-55,-55,-57,-55,-55,-57,-57,-55;
AP3
-47,-45,-45,-45,-47,-45,-45,-45,-45,-45,-47,-45,-45,-45,-45,-47,-45,-45,-45,-45,-45,-47,-45,-45,-45,-47,-45,-45,-45,-45,-45,-47,-45,-45,-45,-47,-45,-45,-45,-45,-45,-45,-45,-47,-47,-45,-47,-45,-45,-45,-45,-45,-45,-45,-47,-45,-45,-45,-45,-45,-45,-45,-45,-45,-45,-45,-45,-47,-47,-47,-45,-47,-45,-47,-45,-45,-47,-45,-45,-45,-45,-45,-47,-45,-47,-45,-45,-45,-47,-45,-45,-45,-45,-45,-45,-47,-47,-47,-47;

point34
AP0
-63,-63,-61,-61,-63,-63,-63,-61,-63,-63,-63,-65,-65,-63,-61,-61,-61,-61,-63,-61,-63,-63,-65,-65,-63,-63,-63,-63,-63,-63,-63,-65,-61,-63,-61,-63,-63,-63,-65,-61,-65,-63,-65,-63,-63,-61,-61,-61,-63,-63,-61,-63,-61,-63,-63,-61,-65,-63,-63,-63,-63,-65,-63,-65,-63,-61,-61,-63,-63,-65,-63,-63,-61,-65,-63,-63,-63,-61,-65,-65,-61,-63,-63,-63,-63,-63,-63,-63,-65,-63,-61,-63,-61,-63,-65,-63,-63,-63,-63,-61;
AP1
-55,-55,-55,-55,-55,-57,-55,-55,-55,-55,-57,-55,-55,-57,-55,-57,-55,-55,-55,-55,-55,-55,-55,-55,-57,-57,-57,-57,-55,-55,-57,-57,-55,-55,-55,-55,-55,-55,-55,-55,-57,-57,-55,-55,-55,-55,-57,-57,-55,-55,-57,-57,-55,-55,-55,-55,-55,-57,-55,-57,-55,-55,-55,-55,-57,-57,-55,-55,-55,-57,-55,-55,-57,-55,-55,-55,-55,-57,-57,-57,-57,-55,-55,-55,-57,-57,-55,-55,-57,-55,-55,-55,-55,-55,-55,-55,-55,-55,-55;
AP2
-57,-59,-59,-59,-57,-57,-57,-59,-57,-59,-59,-59,-57,-59,-59,-57,-57,-57,-57,-57,-59,-59,-59,-59,-57,-57,-59,-57,-59,-57,-57,-59,-57,-57,-57,-59,-59,-57,-57,-59,-57,-57,-59,-59,-57,-59,-57,-59,-57,-57,-57,-57,-57,-59,-59,-59,-57,-59,-57,-59,-57,-59,-59,-59,-57,-59,-57,-57,-57,-57,-57,-59,-57,-57,-57,-59,-57,-57,-57,-57,-57,-59,-59,-59,-57,-57,-59,-57,-57,-57,-59,-59,-57,-57,-57,-57,-57,-57,-59;
AP3
-49,-49,-49,-49,-49,-49,-49,-49,-51,-49,-49,-49,-49,-49,-51,-49,-51,-49,-51,-49,-49,-49,-49,-49,-49,-51,-49,-49,-47,-49,-49,-51,-51,-49,-51,-51,-49,-49,-47,-45,-47,-49,-49,-51,-47,-51,-47,-53,-53,-51,-51,-51,-49,-49,-49,-51,-51,-49,-51,-49,-49,-49,-49,-49,-49,-47,-49,-49,-47,-49,-49,-49,-49,-47,-49,-49,-49,-49,-49,-49,-49,-49,-49,-49,-49,-51,-49,-49,-49,-49,-49,-49,-49,-49,-49,-49,-49,-49,-49;

point35
AP0
-67,-67,-65;
AP1
-51,-51,-51,-53,-51,-51,-51,-51,-51,-51,-51,-51,-51,-51,-51,-51,-51,-51,-51,-53,-51,-51,-51,-51,-51,-51,-51,-51,-51,-51,-51,-51,-51,-51,-51,-51,-51,-51,-51,-51,-51,-51,-51,-51,-51,-51,-51,-51,-51,-51,-53,-51,-51,-51,-51,-51,-51,-51,-53,-51,-53,-53,-51,-51,-51,-51,-51,-51,-51,-51,-51,-51,-51,-51,-51,-51,-51,-51,-51,-53,-51,-51,-51,-53,-51,-51,-53,-51,-51,-51,-51,-51,-51,-51,-51,-51,-51,-51,-51,-51;
AP2
-63,-63,-63,-63,-63,-63,-63,-63,-63,-63,-63,-63,-63,-63,-63,-63,-63,-63,-63,-63,-63,-63,-63,-65,-63,-63,-63,-63,-61,-65,-63,-63,-63,-63,-65,-63,-63,-61,-63,-63,-63,-63,-65,-63,-63,-63,-63,-63,-63,-61,-63,-63,-63,-63,-63,-63,-63,-61,-63,-63,-63,-63,-61,-65,-63,-61,-61,-63,-61,-63,-61,-61,-61,-59,-63,-63,-61,-63,-63,-61,-61,-61,-61,-63,-63,-63,-63,-61,-63,-61,-63,-61,-61,-61,-61,-61,-63,-61,-63;
AP3
-57,-55,-57,-57,-57,-55,-57,-55,-57,-57,-57,-57,-57,-57,-57,-57,-55,-57,-57,-57,-57,-57,-57,-57,-57,-57,-55,-55,-57,-57,-55,-57,-57,-57,-57,-55,-57,-57,-57,-57,-57,-57,-57,-57,-57,-57,-57,-57,-57,-55,-57,-57,-57,-57,-57,-57,-57,-57,-57,-57,-57,-57,-57,-57,-57,-57,-55,-57,-59,-57,-57,-57,-57,-57,-57,-57,-57,-57,-57,-57,-57,-57,-57,-57,-57,-57,-57,-57,-57,-57,-57,-57,-57,-57,-57,-57,-57,-57,-57;

point36
AP0
-65,-65,-65;
AP1
-57,-57,-57,-57,-57,-57,-57,-57,-57,-59,-57,-57,-59,-57,-57,-59,-57,-57,-57,-59,-57,-57,-55,-59,-57,-59,-57,-57,-57,-57,-57,-57,-57,-55,-57,-57,-57,-57,-57,-57,-57,-57,-57,-57,-57,-59,-57,-59,-57,-57,-59,-57,-57,-57,-59,-59,-57,-59,-57,-59,-57,-55,-55,-59,-59,-59,-59,-57,-57,-57,-57,-57,-57,-57,-57,-57,-57,-57,-57,-59,-59,-57,-57,-57,-55,-59,-57,-57,-59,-57,-57,-57,-59,-57,-59,-57,-57,-59;
AP2
-59,-59,-61,-61,-61,-59,-59,-61,-61,-61,-59,-61,-61,-59,-61,-61,-61,-61,-59,-61,-61,-59,-59,-61,-59,-61,-59,-59,-59,-59,-61,-59,-59,-61,-59,-61,-59,-61,-59,-59,-59,-61,-59,-61,-61,-59,-59,-59,-61,-61,-59,-59,-61,-61,-59,-61,-59,-61,-59,-61,-59,-59,-59,-59,-61,-61,-59,-61,-65,-59,-59,-59,-61,-61,-59,-61,-59,-59,-59,-59,-61,-59,-59,-59,-59,-61,-59,-59,-59,-59,-61,-61,-59,-61,-59,-59,-59,-59,-61;
AP3
-51,-51,-51,-51,-49,-51,-51,-51,-49,-51,-51,-49,-51,-51,-51,-53,-51,-51,-51,-51,-51,-53,-53,-51,-53,-53,-53,-51,-51,-49,-51,-53,-53,-51,-51,-49,-51,-51,-51,-51,-51,-51,-51,-51,-49,-49,-51,-51,-51,-51,-51,-51,-51,-49,-49,-51,-51,-53,-51,-51,-51,-51,-51,-51,-51,-51,-51,-51,-49,-51,-51,-51,-51,-51,-51,-51,-51,-51,-49,-49,-51,-49,-51,-51,-51,-51,-49,-51,-51,-53,-51,-51,-53,-53,-53,-51,-51,-51,-51;

point37
AP0
-67,-65,-65,-67,-67,-65,-63,-65,-67,-67,-63,-67,-67,-67,-65,-63,-67,-63,-67,-63,-63,-67,-67,-63,-67,-63,-63,-65,-67,-67,-63,-67,-67,-63,-65,-67,-63,-67,-65,-65,-63,-63,-67,-67,-65,-65,-67,-65,-67,-63,-65,-63,-65,-63,-63,-65,-67,-67,-67,-67,-63,-67,-63,-67,-67,-69,-67,-63,-67,-67,-69,-65,-63,-63,-67,-67,-65,-65,-65,-65,-65,-65,-63,-67,-67,-65,-65,-67,-65,-65;
AP1
-45,-45,-45,-45,-45,-45,-47,-45,-45,-45,-45,-45,-45,-45,-45,-45,-45,-45,-45,-45,-45,-45,-45,-45,-45,-45,-45,-45,-45,-47,-45,-45,-45,-45,-45,-45,-47,-45,-45,-45,-45,-45,-45,-45,-45,-47,-45,-45,-45,-45,-45,-45,-45,-45,-45,-45,-45,-45,-45,-45,-45,-45,-45,-45,-45,-47,-45,-47,-47,-45,-55,-45,-47,-45,-45,-47,-45,-45,-47,-45,-47,-45,-45,-45,-45,-45,-45,-47,-45,-45,-45,-45,-45,-45,-45,-45,-45,-45,-45;
AP2
-61,-61,-61,-61,-61,-61,-61,-63,-61,-61,-61,-61,-61,-63,-61,-63,-61,-61,-61,-61,-61,-61,-61,-63,-61,-61,-61,-61,-61,-61,-61,-63,-61,-61,-63,-61,-61,-63,-63,-61,-61,-63,-61,-61,-63,-61,-63,-61,-61,-61,-61,-61,-63,-63,-61,-61,-61,-61,-61,-61,-61,-61,-63,-63,-61,-61,-61,-61,-61,-61,-63,-61,-61,-63,-61,-61,-61,-61,-63,-63,-61,-61,-61,-61,-61,-61,-73,-61,-61,-61,-61,-63,-63,-61,-61,-61,-63,-61,-61;
AP3
-53,-53,-55,-55,-55,-55,-55,-55,-55,-55,-55,-55,-55,-55,-55,-55,-55,-55,-55,-55,-53,-55,-55,-55,-55,-55,-55,-55,-55,-55,-55,-55,-55,-55,-55,-55,-55,-55,-55,-55,-55,-55,-55,-55,-55,-55,-55,-55,-55,-55,-55,-55,-55,-55,-53,-55,-55,-55,-55,-55,-55,-55,-55,-55,-55,-55,-53,-55,-55,-55,-53,-55,-55,-55,-55,-55,-55,-55,-55,-55,-55,-55,-55,-55,-55,-55,-55,-55,-55,-55,-55,-55,-55,-55,-55,-55,-55,-55,-55,-55;

point38
AP0
-63,-61,-63,-61,-61,-61,-63,-65,-61,-65,-63,-63,-61,-63,-63,-63,-63,-63,-61,-63,-63,-61,-63,-65,-61,-63,-63,-63,-63,-65,-63,-65,-69,-67,-65,-67,-69,-65,-67,-69,-65,-65,-65,-69,-65,-69,-65,-67,-69,-69,-69,-67,-69,-69,-67,-63,-65,-69,-69,-65,-67,-67,-69,-65,-65,-65,-67,-69,-67,-67,-69,-67,-67,-65,-67,-65,-69,-65,-69,-65,-65,-65,-67,-65,-67,-67,-69,-67,-67,-69,-67,-63,-63,-65,-65,-67;
AP1
-57,-59,-57,-57,-57,-57,-57,-57,-59,-59,-57,-57,-59,-57,-57,-59,-57,-57,-57,-59,-57,-57,-57,-59,-59,-59,-57,-57,-57,-57,-57,-57,-57,-57,-59,-57,-57,-59,-57,-57,-59,-57,-59,-57,-59,-57,-59,-59,-57,-57,-55,-59,-59,-59,-57,-57,-57,-57,-59,-57,-59,-59,-59,-57,-59,-57,-59,-59,-57,-57,-59,-57,-57,-59,-59,-59,-57,-57,-59,-57,-59,-57,-59,-57,-59,-57,-59,-59,-59,-57,-57,-57,-57,-55,-59,-59,-57,-57,-59;
AP2
-49,-49,-49,-49,-51,-49,-49,-49,-49,-51,-49,-49,-49,-49,-49,-49,-49,-49,-49,-49,-49,-49,-49,-49,-49,-49,-49,-49,-49,-49,-49,-49,-49,-49,-49,-49,-49,-49,-49,-49,-49,-51,-49,-49,-51,-49,-49,-49,-49,-49,-49,-49,-49,-49,-49,-49,-49,-49,-49,-49,-49,-49,-49,-49,-49,-49,-49,-49,-49,-49,-51,-49,-49,-49,-49,-49,-49,-49,-49,-51,-49,-49,-49,-49,-49,-49,-51,-49,-49,-49,-49,-49,-49,-51,-49,-49,-49,-49,-49;
AP3
-51,-51,-51,-51,-51,-49,-53,-51,-51,-51,-49,-51,-51,-51,-49,-49,-51,-49,-51,-49,-51,-49,-49,-49,-51,-49,-49,-51,-51,-51,-51,-49,-49,-51,-51,-51,-51,-51,-51,-51,-51,-51,-51,-51,-51,-51,-51,-51,-51,-51,-51,-51,-51,-51,-51,-51,-51,-51,-51,-51,-53,-51,-51,-49,-51,-53,-51,-53,-51,-51,-51,-51,-51,-51,-51,-53,-51,-51,-49,-51,-51,-51,-51,-51,-51,-51,-51,-51,-51,-51,-51,-49,-51,-51,-51,-51,-51,-51,-51;

point39
AP0
-80;
AP1
-53,-53,-53,-53,-53,-53,-53,-55,-53,-53,-53,-53,-53,-53,-53,-53,-53,-53,-53,-53,-53,-53,-53,-53,-53,-53,-53,-53,-53,-53,-53,-53,-51,-53,-53,-53,-53,-53,-53,-53,-53,-53,-53,-53,-53,-53,-53,-51,-53,-53,-53,-53,-53,-53,-53,-53,-53,-53,-53,-55,-53,-53,-53,-53,-53,-53,-53,-53,-53,-53,-53,-53,-53,-53,-53,-53,-53,-53,-53,-53,-53,-53,-53,-53,-53,-53,-51,-55,-53,-53,-53,-53,-53,-53,-53,-53,-53,-53,-53,-53;
AP2
-57,-55,-57,-57,-55,-55,-57,-57,-57,-55,-57,-57,-55,-55,-57,-57,-57,-57,-57,-57,-55,-55,-57,-57,-55,-57,-57,-53,-57,-57,-57,-55,-55,-55,-55,-55,-57,-57,-55,-57,-55,-55,-55,-55,-55,-57,-55,-57,-57,-57,-57,-55,-57,-57,-57,-57,-57,-57,-55,-55,-57,-55,-55,-57,-55,-55,-55,-55,-57,-57,-55,-55,-53,-55,-55,-57,-57,-55,-57,-57,-55,-55,-53,-57,-55,-57,-55,-57,-57,-55,-57,-57,-57,-55,-57,-55,-57,-55,-57;
AP3
-55,-55,-55,-55,-55,-55,-55,-55,-55,-55,-55,-53,-55,-55,-55,-55,-55,-53,-55,-55,-55,-55,-55,-55,-55,-53,-55,-55,-55,-55,-55,-55,-55,-55,-53,-55,-55,-55,-55,-55,-55,-55,-55,-55,-55,-55,-55,-55,-55,-55,-53,-55,-55,-55,-55,-53,-55,-55,-55,-55,-55,-55,-55,-55,-55,-55,-55,-53,-55,-55,-55,-55,-55,-53,-55,-55,-55,-55,-53,-55,-55,-55,-53,-55,-55,-55,-53,-55,-55,-55,-55,-55,-55,-53,-55,-55,-55,-55,-55;

point40
AP0
-63,-63,-65,-69,-65,-65,-68,-65,-69,-63,-65,-69,-67,-65,-65,-69,-65,-65,-65,-65,-69,-69,-63,-67,-69,-65,-69,-69,-63,-67,-65,-65,-69,-65,-65,-67,-65,-71,-65,-69,-65,-69,-69,-69,-67,-69,-65,-69,-65,-67,-67,-65,-69,-69,-67,-65,-69,-65,-69,-65,-65,-65,-71,-65,-71,-69,-69,-71,-71,-65,-65,-69,-67,-67,-69,-69,-73,-65,-67,-65,-65,-69,-69,-67,-65,-69,-69,-65,-65,-65,-67,-65,-67,-67,-65,-65,-69,-67,-67,-69,-65,-65,-63,-65,-67,-69,-65,-65,-67,-65,-67,-67,-69,-69,-65,-65,-69,-65,-71,-69,-65,-69,-69,-67,-65,-65,-69,-69,-65,-67,-65,-67,-65,-65,-69,-65,-67,-67,-69,-71,-65,-69,-67,-69,-69,-67,-67,-69,-71,-69;
AP1
-43,-45,-45,-45,-45,-47,-47,-48,-45,-45,-45,-47,-45,-46,-43,-46,-45,-45,-45,-47,-45,-45,-45,-45,-45,-45,-43,-45,-45,-45,-45,-45,-45,-45,-44,-45,-45,-43,-45,-45,-46,-45,-45,-45,-45,-45,-45,-44,-45,-45,-45,-45,-45,-45,-45,-45,-45,-45,-53,-57,-52,-45,-47,-45,-45,-45,-45,-45,-45,-45,-47,-45,-47,-45,-47,-45,-45,-45,-47,-45,-47,-45,-45,-45,-47,-47,-47,-45,-45,-47,-45,-45,-45,-45,-45,-47,-45,-47,-45,-45,-45,-45,-45,-45,-45,-45,-45,-45,-47,-45,-47,-45,-45,-47,-45,-45,-45,-45,-45,-45,-45,-45,-45,-47,-45,-45,-47,-47,-47,-45,-45,-47,-47,-45,-47,-47,-47,-47,-45,-47,-45,-45,-47,-47,-45,-47,-47,-45,-45,-45,-47,-45,-47,-47,-45,-45,-47,-45,-45,-47;
AP2
-59,-59,-59,-59,-59,-59,-59,-57,-59,-59,-59,-59,-59,-59,-57,-61,-59,-59,-59,-59,-59,-59,-57,-59,-57,-59,-59,-59,-59,-57,-59,-61,-61,-59,-59,-59,-59,-61,-59,-57,-57,-59,-57,-59,-59,-59,-57,-57,-55,-59,-55,-57,-59,-59,-59,-59,-59,-61,-58,-51,-57,-55,-59,-57,-57,-59,-59,-59,-59,-61,-59,-59,-57,-59,-59,-59,-61,-59,-59,-59,-59,-61,-59,-59,-59,-59,-59,-59,-59,-59,-61,-61,-59,-61,-59,-59,-59,-59,-59,-61,-59,-61,-59,-57,-59,-57,-59,-59,-59,-61,-61,-59,-61,-59,-57,-59,-57,-59,-59,-61,-55,-59,-59,-57,-57,-57,-55,-57,-59,-61,-59,-59,-59,-59,-59,-61,-59,-59,-57,-59,-61,-59,-59,-57,-59,-59,-59,-59,-59,-61,-59,-59,-59,-59,-59,-59,-57,-59,-59,-59;
AP3
-57,-59,-57,-59,-59,-55,-57,-57,-58,-59,-59,-59,-59,-59,-57,-57,-57,-59,-57,-57,-57,-57,-61,-59,-57,-61,-57,-59,-61,-61,-57,-63,-61,-55,-61,-63,-59,-57,-61,-61,-59,-61,-63,-63,-59,-59,-59,-55,-57,-58,-55,-57,-57,-57,-57,-59,-59,-59,-57,-61,-61,-51,-53,-49,-51,-51,-51,-51,-51,-53,-53,-51,-51,-51,-53,-51,-51,-51,-51,-51,-51,-51,-51,-51,-51,-51,-51,-51,-51,-51,-51,-51,-51,-51,-51,-51,-51,-51,-51,-51,-51,-51,-51,-51,-51,-51,-49,-51,-51,-51,-51,-51,-51,-51,-49,-51,-49,-51,-51,-51,-51,-51,-51,-51,-51,-49,-51,-51,-51,-51,-51,-51,-51,-51,-51,-51,-51,-51,-49,-51,-51,-51,-51,-51,-51,-51,-51,-51,-51,-51,-51,-51,-49,-49,-51,-51,-51,-51,-51,-51,-51;

point41
AP0
-63,-67,-65,-67,-65,-65,-63,-65,-63,-61,-61,-65,-63,-65,-63,-65,-67,-63,-65,-65,-63,-65,-65,-65,-67,-67,-67,-65,-67,-65,-65,-63,-65,-65,-63,-63,-65,-65,-65,-65,-65,-63,-67,-65,-65,-65,-67,-67,-67,-65,-65,-63,-65,-65,-63,-67,-65,-67,-63,-67,-65,-65,-67,-63,-65,-67,-63,-67,-63,-65,-67,-63,-63,-65,-65,-65,-67,-63,-65,-63,-63,-63,-65,-67,-63,-65,-65,-63,-63,-65,-63,-63,-63,-63,-63,-65,-63;
AP1
-59,-63,-61,-61,-61,-61,-61,-61,-61,-61,-61,-61,-61,-61,-63,-61,-61,-63,-61,-61,-61,-59,-61,-61,-61,-61,-63,-61,-61,-63,-63,-63,-63,-63,-61,-61,-61,-63,-61,-63,-65,-61,-63,-61,-63,-63,-61,-59,-63,-61,-59,-63,-61,-61,-61,-63,-61,-63,-63,-63,-63,-61,-61,-63,-63,-63,-61,-61,-59,-63,-61,-61,-61,-61,-61,-61,-61,-61,-61,-61,-61,-63,-63,-59,-61,-65,-61,-61,-59,-61,-63,-61,-61,-63,-63,-63,-61,-61,-63;
AP2
-63,-63,-65,-65,-65,-65,-65,-65,-69,-67,-65,-67,-67,-63,-65,-65,-65,-65,-65,-65,-65,-65,-63,-65,-65,-65,-65,-65,-63,-65,-63,-63,-65,-63,-65,-65,-65,-65,-65,-63,-63,-65,-65,-65,-63,-65,-63,-65,-65,-67,-65,-65,-65,-65,-65,-65,-65,-65,-65,-63,-65,-67,-65,-67,-65,-63,-63,-67,-65,-65,-65,-65,-65,-65,-63,-63,-65,-67,-65,-67,-67,-63,-65,-67,-67,-67,-65,-65,-65,-67,-65,-65,-67,-65,-63,-63,-63,-65,-65,-63;
AP3
-43,-45,-41,-43,-43,-41,-43,-43,-41,-41,-43,-43,-43,-43,-43,-43,-41,-43,-45,-43,-43,-41,-41,-43,-41,-43,-43,-41,-45,-43,-43,-43,-45,-43,-43,-41,-41,-43,-43,-41,-43,-43,-43,-45,-41,-41,-41,-41,-43,-43,-43,-41,-41,-43,-43,-43,-43,-41,-43,-41,-41,-43,-41,-41,-43,-43,-41,-43,-41,-43,-41,-41,-41,-45,-45,-43,-43,-43,-41,-43,-41,-43,-55,-41,-43,-41,-41,-41,-45,-43,-43,-43,-41,-41,-45,-45,-43,-41,-45;

x6y1

-1;
-1;
-1;
-1;

x6y2

-1;
-1;
-1;
-1;

x6y3

-1;
-1;
-1;
-1;

x6y4

-1;
-1;
-1;
-1;

x6y5

-1;
-1;
-1;
-1;

point47
AP0
-67,-69,-65,-69,-67,-69,-67,-69,-65,-69,-69,-69,-69,-65,-69,-67,-65,-65,-65,-65,-67,-69,-67,-69,-67,-65,-69,-67,-69,-65,-65,-65,-69,-69,-67,-65,-63,-67,-69,-65,-69,-65,-67,-65,-67,-69,-69,-65,-67,-67,-67,-65,-67,-67,-67,-67,-69,-65,-67,-67,-65,-69,-67,-67,-69,-69,-65,-67,-65,-67,-69,-65,-67,-67,-67,-65,-65,-65,-69,-67,-65,-69,-65,-65,-65,-69;
AP1
-51,-51,-51,-51,-51,-51,-51,-51,-51,-51,-51,-51,-51,-51,-51,-51,-51,-51,-51,-51,-51,-51,-51,-49,-51,-51,-51,-51,-49,-51,-51,-51,-51,-51,-51,-51,-49,-51,-51,-51,-51,-51,-49,-51,-51,-51,-51,-51,-51,-51,-51,-51,-51,-51,-51,-51,-51,-51,-51,-51,-51,-51,-51,-49,-51,-51,-51,-51,-51,-51,-51,-51,-51,-51,-51,-49,-51,-51,-51,-51,-49,-51,-51,-51,-51,-51,-51,-51,-51,-49,-51,-51,-51,-51,-51,-51,-51,-51,-49,-51;
AP2
-61,-61,-63,-61,-61,-63,-63,-61,-61,-61,-61,-61,-63,-61,-63,-61,-63,-61,-61,-61,-63,-61,-61,-61,-61,-63,-63,-61,-61,-61,-61,-61,-63,-63,-63,-61,-61,-61,-63,-61,-61,-61,-63,-61,-61,-61,-61,-61,-61,-61,-61,-61,-61,-61,-61,-61,-61,-61,-61,-61,-61,-63,-61,-63,-63,-61,-61,-61,-61,-63,-63,-61,-61,-61,-63,-61,-61,-63,-61,-59,-61,-61,-61,-63,-63,-61,-79,-61,-61,-61,-61,-61,-61,-61,-61,-61,-61,-61,-63;
AP3
-59,-59,-59,-59,-59,-59,-59,-59,-59,-59,-57,-59,-59,-57,-57,-59,-59,-57,-59,-57,-57,-57,-57,-59,-57,-59,-59,-59,-57,-57,-59,-57,-59,-57,-59,-59,-57,-59,-57,-57,-59,-59,-59,-59,-57,-59,-59,-59,-59,-59,-57,-59,-59,-57,-59,-59,-59,-57,-59,-59,-57,-57,-59,-59,-57,-59,-59,-57,-57,-59,-59,-57,-59,-59,-57,-59,-57,-59,-59,-59,-59,-59,-59,-59,-57,-57,-57,-59,-57,-59,-57,-57,-59,-57,-57,-59,-57,-57,-59;


point48
AP0
-69,-67,-71,-65,-69,-67,-71,-69,-65,-71,-65,-67,-69,-65,-67,-65,-69,-69,-69,-69,-65,-67,-65,-68,-71,-67,-65,-67,-65,-63,-65,-67,-65,-69,-67,-63,-63,-67,-65,-65,-67,-67,-67,-65,-65,-67,-65,-67,-67,-65,-67,-65,-67,-65,-65,-65,-63,-65,-67,-63,-67,-65,-67,-67,-67,-69,-63,-67,-65,-65,-67,-67,-67,-65,-67,-67,-67,-67,-65,-65,-65,-67,-63,-67,-67,-67,-63,-65,-65,-67,-65,-67,-69,-65,-65,-65,-65,-67,-65,-63,-65,-65,-67,-63,-67,-67,-69,-67,-67,-65,-67,-63,-67,-67,-65,-67,-67,-67,-65,-65,-65;
AP1
-55,-56,-57,-57,-56,-57,-57,-57,-57,-56,-57,-57,-56,-56,-57,-56,-57,-56,-57,-57,-56,-57,-55,-59,-57,-57,-57,-55,-56,-56,-57,-57,-57,-57,-56,-57,-58,-56,-55,-57,-58,-57,-55,-56,-57,-57,-57,-56,-55,-56,-55,-49,-47,-47,-47,-47,-49,-49,-49,-47,-47,-49,-47,-49,-49,-49,-47,-49,-49,-47,-49,-47,-49,-47,-47,-49,-47,-47,-47,-47,-49,-47,-47,-47,-47,-49,-47,-49,-47,-47,-49,-47,-49,-49,-47,-47,-47,-49,-47,-47,-47,-49,-47,-49,-47,-49,-49,-49,-47,-47,-47,-49,-47,-47,-47,-47,-47,-47,-49,-47,-49,-49,-47,-49,-49,-47,-49,-47,-49,-49,-49,-47,-47,-49,-49,-49,-47,-47,-47,-49,-49,-47,-49,-47,-47,-49,-49,-47,-49,-49;
AP2
-55,-55,-55,-57,-57,-55,-57,-57,-57,-57,-57,-57,-57,-53,-57,-57,-57,-57,-55,-55,-55,-56,-55,-55,-55,-57,-53,-55,-55,-56,-55,-56,-55,-55,-55,-55,-53,-54,-55,-55,-55,-55,-55,-55,-53,-53,-55,-55,-55,-53,-55,-59,-57,-59,-59,-57,-59,-59,-57,-57,-59,-57,-59,-59,-59,-59,-57,-59,-59,-59,-57,-59,-57,-57,-57,-59,-57,-59,-59,-57,-57,-59,-59,-59,-59,-59,-59,-59,-59,-59,-59,-59,-59,-57,-59,-59,-59,-59,-59,-59,-57,-57,-59,-59,-59,-57,-57,-57,-59,-59,-59,-57,-59,-59,-57,-59,-57,-59,-59,-59,-59,-59,-59,-59,-57,-57,-59,-59,-59,-59,-59,-59,-59,-59;
AP3
-65,-65,-65,-63,-65,-61,-61,-61,-65,-63,-65,-63,-63,-61,-63,-63,-61,-63,-63,-65,-65,-63,-65,-65,-61,-63,-63,-67,-65,-63,-65,-65,-71,-65,-65,-67,-65,-63,-63,-67,-63,-65,-67,-64,-65,-68,-65,-66,-67,-67,-59,-59,-59,-59,-59,-59,-59,-59,-57,-57,-59,-57,-59,-59,-59,-59,-57,-59,-57,-59,-59,-57,-59,-57,-59,-59,-59,-57,-59,-59,-59,-57,-57,-57,-59,-59,-59,-57,-57,-59,-59,-59,-59,-57,-59,-59,-59,-57,-59,-59,-59,-59,-59,-57,-57,-59,-59,-59,-59,-59,-59,-59,-59,-59,-59,-59,-59,-57,-59,-59,-59,-59,-59,-59,-59,-57,-57,-59,-59,-59,-59,-59,-59,-59,-57,-59,-59,-59,-59,-59,-59,-57,-59,-59,-59,-59,-57,-57,-57,-59;

point49
AP0
-69,-67,-67,-65,-67,-67,-67,-65,-65,-65,-65,-67,-65,-65,-65,-67,-65,-67,-63,-67,-65,-67,-67,-65,-65,-65,-65,-65,-63,-63,-65,-67,-69,-67,-63,-69,-65,-67,-65,-65,-63,-69,-67,-63,-65,-67,-65,-67,-63,-63,-65,-65,-61,-63,-63,-67,-65,-63,-67,-67,-63,-63,-65,-63,-65,-65,-67,-65,-65,-63,-65,-65,-67,-63,-63,-65,-65,-65,-65,-65,-67,-67,-65,-65,-63,-63,-65,-65,-63,-65,-61,-65,-63,-63,-63,-63,-63,-65,-65;
AP1
-59,-59,-59,-57,-59,-61,-59,-59,-59,-57,-59,-59,-59,-59,-59,-59,-61,-59,-59,-59,-59,-59,-59,-61,-59,-59,-59,-59,-59,-59,-59,-59,-59,-59,-59,-57,-59,-59,-59,-57,-59,-57,-59,-57,-57,-59,-59,-59,-57,-59,-59,-59,-57,-59,-57,-57,-57,-57,-57,-59,-57,-59,-59,-57,-59,-59,-57,-59,-59,-59,-59,-59,-57,-57,-59,-59,-59,-59,-59,-59,-59,-59,-59,-59,-59,-59,-59,-59,-59,-59,-61,-59,-59,-59,-59,-61,-59,-59,-57;
AP2
-63,-65,-65,-63,-63,-63,-63,-65,-63,-63,-63,-63,-65,-63,-65,-63,-63,-63,-63,-63,-63,-63,-63,-63,-63,-61,-63,-63,-63,-63,-63,-63,-67,-63,-65,-63,-63,-63,-63,-63,-63,-63,-63,-63,-63,-63,-63,-63,-63,-63,-63,-63,-65,-63,-63,-63,-63,-63,-63,-63,-63,-65,-63,-63,-63,-63,-65,-63,-63,-65,-63,-65,-63,-63,-63,-63,-63,-63,-63,-65,-65,-63,-63,-63,-63,-65,-63,-63,-65,-63,-65,-63,-63,-63,-63,-63,-63,-63,-63,-63;
AP3
-49,-51,-51,-51,-51,-59,-49,-49,-51,-49,-49,-51,-49,-51,-49,-49,-51,-49,-49,-49,-51,-49,-49,-51,-49,-49,-49,-51,-51,-49,-51,-49,-49,-49,-49,-49,-49,-49,-49,-49,-49,-49,-49,-51,-49,-49,-49,-49,-49,-51,-51,-49,-49,-49,-51,-49,-49,-49,-49,-49,-51,-51,-51,-49,-49,-49,-49,-49,-51,-51,-49,-49,-49,-51,-49,-49,-49,-49,-49,-49,-49,-49,-49,-49,-49,-49,-49,-49,-49,-49,-49,-51,-49,-49,-49,-49,-49,-51,-51;


point50
AP0
-67,-69,-69,-69,-65,-67,-63,-69,-67,-73,-67,-65;
AP1
-59,-59,-59,-59,-59,-59,-59,-59,-59,-61,-59,-59,-59,-61,-59,-57,-59,-59,-59,-59,-59,-57,-59,-59,-59,-59,-59,-59,-57,-59,-59,-57,-59,-59,-59,-59,-59,-59,-59,-59,-59,-59,-59,-59,-59,-59,-59,-59,-59,-59,-59,-59,-59,-59,-59,-59,-59,-59,-59,-59,-59,-59,-57,-59,-57,-59,-57,-59,-57,-59,-57,-59,-59,-59,-57,-59,-59,-59,-57,-59,-57,-59,-59,-59,-59,-59,-59,-59,-59,-59,-59,-57,-59,-59,-59,-59,-59,-59,-59,-59;
AP2
-57,-57,-59,-59,-59,-59,-57,-59,-59,-59,-59,-59,-57,-59,-57,-57,-59,-57,-59,-59,-59,-57,-59,-59,-59,-59,-59,-59,-57,-59,-59,-57,-59,-57,-57,-57,-59,-57,-59,-59,-59,-59,-57,-59,-57,-57,-59,-59,-59,-57,-59,-59,-57,-59,-59,-59,-59,-59,-57,-59,-59,-57,-59,-59,-57,-57,-57,-59,-59,-59,-59,-59,-57,-59,-59,-59,-59,-59,-59,-59,-59,-57,-59,-59,-59,-59,-57,-59,-59,-57,-57,-57,-59,-59,-59,-59,-57,-57,-59;
AP3
-45,-45,-45,-45,-45,-45,-45,-45,-45,-45,-45,-45,-45,-45,-45,-45,-45,-45,-45,-45,-45,-45,-45,-45,-45,-45,-47,-45,-45,-45,-45,-45,-45,-45,-45,-45,-45,-45,-45,-45,-45,-45,-45,-45,-45,-45,-45,-45,-45,-45,-45,-45,-45,-45,-47,-45,-47,-45,-47,-45,-45,-45,-45,-45,-47,-47,-45,-45,-45,-45,-45,-45,-47,-45,-45,-45,-45,-45,-45,-45,-45,-45,-45,-45,-45,-45,-45,-45,-45,-45,-45,-45,-45,-45,-45,-47,-47,-45,-45;

point51
AP0
-63,-63,-63,-63,-63,-67,-67,-67,-63,-65,-69,-59,-65,-67,-63,-63,-67,-65,-67,-67,-63,-67,-67,-65,-67,-63,-67,-65,-65,-63,-65,-67,-63,-63,-63,-63,-67,-67,-67,-67,-63,-65,-67,-63,-65,-63,-63,-65,-67,-65,-65,-65,-65,-63,-65,-63,-65,-65,-67,-67,-67,-67,-67,-63,-67,-67,-63,-65,-65,-67,-67,-67,-65,-67,-65,-67,-65,-65,-65,-63,-65,-63,-63,-65,-63,-67,-67,-67,-67,-67,-63,-67,-67,-63,-65,-65,-63,-63,-67;
AP1
-59,-59,-59,-61,-59,-61,-61,-61,-59,-61,-59,-59,-57,-59,-61,-59,-59,-59,-59,-61,-61,-61,-59,-59,-61,-59,-59,-61,-61,-59,-59,-61,-59,-59,-59,-61,-59,-59,-61,-59,-59,-57,-59,-59,-59,-61,-61,-61,-61,-61,-61,-59,-61,-61,-59,-61,-59,-59,-59,-61,-61,-61,-59,-59,-61,-61,-59,-59,-61,-61,-59,-59,-59,-59,-59,-61,-59,-59,-59,-61,-59,-61,-61,-61,-59,-61,-59,-59,-61,-61,-61,-61,-61,-59,-59,-61,-59,-59,-59;
AP2
-51,-51,-53,-51,-53,-53,-53,-53,-51,-53,-53,-51,-51,-53,-51,-51,-51,-53,-51,-53,-53,-53,-51,-53,-53,-53,-51,-51,-51,-51,-51,-53,-53,-53,-51,-51,-51,-51,-53,-51,-51,-51,-51,-51,-53,-53,-53,-51,-51,-51,-51,-51,-53,-53,-51,-53,-51,-51,-53,-51,-51,-49,-51,-53,-53,-51,-51,-51,-51,-51,-49,-51,-49,-53,-53,-51,-53,-51,-51,-53,-51,-49,-49,-53,-51,-49,-55,-53,-55,-55,-53,-53,-57,-57,-55,-55,-57,-53,-51;
AP3
-55,-55,-55,-55,-55,-55,-55,-55,-55,-57,-55,-57,-55,-55,-57,-55,-55,-55,-55,-55,-55,-55,-55,-55,-55,-55,-55,-55,-57,-57,-57,-57,-57,-55,-57,-57,-59,-57,-57,-57,-55,-55,-55,-57,-55,-55,-55,-55,-57,-57,-57,-55,-55,-55,-55,-55,-57,-55,-55,-55,-55,-55,-57,-55,-57,-57,-55,-55,-57,-55,-55,-55,-57,-59,-55,-55,-55,-55,-57,-57,-57,-57,-55,-57,-57,-57,-55,-55,-57,-57,-55,-57,-55,-57,-57,-57,-55,-55,-57;

point52
AP0
-65,-69,-67,-69,-65,-67,-69,-67,-67,-67,-69,-69,-69,-67,-65,-71,-69,-63,-65,-71,-65,-67,-71,-71,-69,-65,-67,-65,-71,-67,-71,-71,-71,-69,-71,-71,-71,-67,-73,-67,-69,-69,-69,-71,-71,-69,-65,-69,-69,-71,-69,-65,-71,-71,-69,-73,-71,-69,-65,-69,-65,-71,-69,-67,-71,-71,-69,-65,-65,-65,-67,-71,-67,-71,-65,-65,-67,-67,-69,-69,-67,-71,-65,-71,-67,-65,-65,-71,-71,-71,-65,-69;
AP1
-63,-61,-63,-61,-63,-61,-61,-61,-61,-63,-61,-61,-63,-63,-63,-61,-63,-63,-63,-61,-61,-63,-63,-61,-63,-63,-59,-63,-61,-63,-61,-63,-63,-63,-63,-61,-61,-61,-63,-61,-61,-63,-65,-63,-61,-61,-63,-61,-63,-65,-63,-63,-65,-63,-61,-63,-63,-63,-63,-61,-61,-63,-61,-61,-63,-63,-63,-63,-61,-61,-63,-61,-63,-61,-63,-63,-61,-61,-63,-63,-61,-61,-63,-63,-61,-61,-63,-63,-63,-63,-63,-61,-61,-61,-61,-63,-63,-63;
AP2
-45,-45,-45,-45,-45,-47,-45,-45,-45,-45,-45,-45,-45,-45,-45,-45,-45,-45,-45,-45,-45,-47,-45,-47,-45,-45,-45,-45,-45,-45,-45,-45,-45,-45,-45,-45,-45,-45,-45,-45,-45,-47,-45,-45,-45,-47,-45,-45,-45,-45,-45,-45,-45,-45,-45,-45,-45,-45,-45,-45,-45,-45,-47,-45,-45,-45,-45,-45,-45,-45,-45,-45,-45,-45,-45,-45,-45,-45,-45,-45,-45,-45,-45,-45,-45,-47,-45,-47,-47,-47,-47,-47,-45,-47,-47,-47,-47,-47,-47,-47;
AP3
-51,-49,-49,-49,-51,-49,-49,-49,-49,-51,-49,-49,-49,-49,-49,-51,-49,-49,-49,-49,-49,-49,-49,-49,-49,-49,-49,-49,-51,-49,-49,-51,-51,-49,-49,-51,-49,-49,-49,-49,-49,-49,-49,-51,-49,-51,-49,-49,-51,-51,-51,-49,-49,-49,-49,-49,-51,-51,-51,-51,-51,-51,-49,-51,-49,-49,-49,-49,-49,-49,-49,-49,-49,-49,-49,-49,-49,-49,-49,-49,-49,-49,-49,-49,-49,-49,-51,-49,-49,-49,-49,-49,-49,-49,-51,-49,-49,-49,-49;

point53
AP0
-80;
AP1
-55,-55,-57,-55,-55,-55,-55,-55,-55,-55,-55,-55,-57,-55,-55,-55,-57,-55,-55,-55,-55,-55,-53,-55,-55,-55,-55,-57,-53,-55,-55,-55,-55,-55,-55,-55,-53,-57,-55,-55,-55,-55,-55,-55,-55,-55,-55,-55,-55,-55,-57,-55,-57,-55,-57,-55,-55,-55,-55,-55,-55,-55,-55,-55,-55,-55,-55,-57,-55,-57,-55,-55,-55,-55,-55,-55,-55,-55,-53,-55,-57,-55,-55,-55,-55,-55,-55,-55,-55,-55,-55,-57,-55,-57,-55,-55,-55,-57,-55,-55;
AP2
-47,-47,-49,-49,-49,-49,-49,-49,-49,-49,-49,-49,-49,-49,-49,-49,-47,-49,-49,-47,-47,-47,-49,-47,-47,-47,-49,-47,-47,-47,-47,-47,-47,-47,-47,-49,-49,-47,-47,-47,-47,-49,-49,-53,-51,-55,-47,-47,-47,-49,-47,-49,-47,-47,-47,-47,-49,-47,-47,-49,-47,-49,-49,-47,-47,-49,-49,-49,-49,-47,-47,-49,-47,-47,-47,-47,-49,-47,-47,-47,-47,-49,-47,-47,-47,-47,-49,-47,-49,-47,-47,-47,-47,-47,-47,-49,-47,-47,-49,-47;
AP3
-63,-63,-63,-63,-59,-63,-63,-59,-57,-65,-65,-67,-67,-65,-63,-63,-63,-63,-63,-63,-59,-61,-63,-63,-63,-65,-65,-61,-63,-65,-65,-63,-65,-63,-63,-65,-65,-59,-63,-65,-63,-63,-65,-61,-63,-65,-61,-61,-61,-61,-63,-65,-65,-59,-65,-59,-65,-63,-63,-65,-57,-63,-65,-65,-65,-65,-59,-65,-65,-63,-63,-65,-61,-65,-65,-63,-59,-59,-63,-65,-63,-65,-61,-61,-65,-65,-63,-63,-63,-63,-63,-61,-65,-63,-65,-63,-63,-63;

point54
AP0
-80;
AP1
-57,-57,-55,-57,-57,-57,-55,-57,-55,-55,-55,-55,-55,-55,-55,-55,-55,-57,-55,-57,-57,-55,-55,-55,-57,-55,-55,-55,-57,-57,-55,-55,-55,-57,-55,-55,-55,-57,-57,-55,-55,-57,-55,-55,-57,-57,-57,-57,-57,-57,-57,-57,-55,-55,-55,-55,-55,-55,-55,-55,-57,-55,-57,-55,-57,-57,-55,-57,-57,-57,-55,-57,-55,-57,-55,-57,-55,-57,-55,-55,-57,-57,-57,-57,-57,-57,-57,-55,-57,-55,-57,-57,-57,-55,-55,-55,-57,-55,-57;
AP2
-47,-47,-47,-47,-47,-47,-49,-49,-49,-47,-47,-49,-49,-49,-49,-47,-49,-49,-49,-49,-49,-49,-49,-47,-49,-49,-49,-49,-49,-49,-49,-49,-49,-49,-49,-49,-49,-47,-49,-49,-49,-49,-49,-49,-47,-49,-49,-49,-49,-49,-49,-49,-49,-47,-47,-47,-49,-49,-47,-49,-49,-49,-47,-49,-49,-49,-49,-49,-49,-49,-47,-47,-49,-47,-49,-49,-49,-49,-47,-49,-47,-49,-49,-47,-49,-49,-49,-47,-47,-49,-49,-47,-49,-49,-49,-49,-49,-49,-47;
AP3
-57,-59,-59,-59,-59,-57,-59,-59,-59,-57,-59,-57,-59,-59,-59,-57,-59,-57,-59,-57,-59,-57,-59,-59,-59,-59,-57,-57,-57,-57,-59,-59,-59,-59,-59,-59,-59,-59,-59,-59,-57,-57,-57,-59,-57,-57,-59,-59,-59,-57,-57,-57,-59,-59,-57,-57,-57,-57,-57,-57,-59,-57,-59,-59,-57,-57,-59,-59,-59,-57,-59,-57,-59,-57,-59,-57,-57,-57,-59,-59,-59,-57,-59,-57,-59,-57,-57,-59,-59,-59,-57,-59,-59,-59,-57,-57,-59,-57,-59;

point55
AP0
-71,-69,-69,-71,-67,-71,-71,-71,-69,-65,-69,-71,-71,-71,-69,-69;
AP1
-63,-63,-65,-63,-63,-63,-63,-65,-61,-63,-65,-65,-65,-63,-61,-63,-63,-63,-65,-63,-63,-63,-63,-63,-65,-65,-63,-63,-63,-63,-63,-63,-63,-65,-65,-63,-65,-63,-65,-65,-63,-63,-63,-63,-63,-61,-65,-65,-63,-63,-61,-65,-63,-63,-61,-65,-65,-65,-63,-65,-65,-61,-61,-63,-63,-63,-63,-63,-63,-63,-63,-63,-63,-65,-63,-61,-63,-63,-65,-65,-65,-63,-61,-61,-63,-63,-65,-63,-63,-63,-65,-61,-63,-63,-63,-65,-61,-61,-65,-63;
AP2
-55,-57,-59,-57,-57,-57,-57,-57,-57,-57,-57,-59,-57,-57,-59,-59,-57,-57,-57,-57,-59,-57,-57,-57,-57,-57,-57,-57,-57,-57,-57,-57,-59,-57,-57,-57,-57,-57,-59,-57,-57,-59,-57,-57,-57,-57,-59,-57,-57,-59,-57,-57,-55,-57,-59,-57,-57,-57,-57,-57,-57,-57,-57,-59,-57,-59,-57,-59,-57,-57,-59,-59,-57,-59,-57,-57,-57,-59,-57,-57,-57,-59,-57,-59,-57,-59,-57,-59,-57,-57,-57,-59,-59,-59,-59,-59,-59,-57,-59;
AP3
-61,-61,-61,-65,-59,-61,-61,-61,-61,-59,-59,-61,-61,-59,-59,-61,-59,-59,-61,-61,-61,-61,-59,-61,-59,-61,-61,-61,-61,-59,-61,-59,-61,-61,-59,-59,-61,-59,-61,-59,-61,-61,-61,-61,-59,-61,-61,-59,-61,-61,-59,-61,-59,-59,-61,-61,-59,-61,-59,-61,-59,-59,-61,-61,-61,-59,-61,-61,-61,-59,-61,-59,-61,-61,-61,-61,-61,-61,-61,-59,-61,-59,-59,-61,-61,-61,-61,-59,-59,-61,-61,-59,-59,-61,-61,-61,-59,-59,-61,-61;

point56
AP0
-65,-69,-69,-67,-69,-69,-68,-69,-71,-65,-67,-69,-73,-71,-69,-69,-69,-67,-71,-69,-71;
AP1
-48,-47,-48,-47,-46,-47,-47,-47,-48,-47,-47,-47,-47,-47,-47,-47,-47,-47,-47,-47,-46,-47,-47,-48,-47,-47,-47,-47,-47,-46,-51,-51,-47,-47,-47,-47,-47,-47,-48,-50,-48,-48,-48,-47,-48,-47,-47,-48,-48,-47,-48,-49,-47,-49,-47,-47,-49,-47,-49,-49,-47,-49,-47,-47,-49,-47,-47,-49,-49,-47,-47,-49,-47,-49,-49,-49,-49,-47,-49,-47,-47,-47,-47,-47,-47,-47,-49,-47,-47,-49,-47,-47,-49,-49,-49,-49,-47,-47,-49,-47,-47,-49,-47,-49,-49,-47,-47,-47,-47,-47,-49,-49,-49,-49,-49,-49,-49,-47,-49,-47,-49,-49,-47,-49,-47,-47,-49,-49,-49,-47,-47,-49,-49,-49,-47,-49,-47,-47,-49,-49,-47,-49,-49,-47,-49,-47,-49,-47;
AP2
-51,-51,-53,-53,-53,-53,-51,-49,-51,-51,-51,-49,-51,-51,-49,-51,-51,-51,-51,-49,-51,-51,-51,-49,-51,-51,-51,-51,-53,-53,-53,-53,-53,-53,-53,-51,-55,-51,-53,-51,-52,-51,-51,-51,-51,-51,-51,-51,-49,-51,-51,-51,-51,-51,-51,-51,-51,-51,-51,-51,-51,-51,-51,-51,-51,-51,-51,-51,-51,-51,-51,-51,-51,-51,-51,-51,-51,-51,-51,-51,-51,-51,-51,-51,-51,-51,-51,-51,-51,-51,-51,-49,-51,-51,-51,-51,-51,-51,-51,-51,-51,-51,-51,-51,-51,-51,-51,-51,-51,-51,-51,-51,-51,-51,-51,-51,-51,-51,-51,-51,-51,-51,-51,-51,-49,-51,-51,-51,-51,-51,-51,-51,-51,-51,-51,-51,-51,-51,-51,-51,-51,-51,-51,-51,-49,-51,-51,-49,-51,-51,-51;
AP3
-61,-59,-61,-61,-59,-61,-63,-63,-63,-59,-61,-59,-63,-59,-61,-59,-65,-61,-63,-61,-63,-61,-63,-61,-61,-63,-61,-67,-59,-61,-63,-61,-61,-63,-59,-61,-59,-60,-61,-61,-61,-59,-61,-59,-61,-59,-61,-59,-57,-57,-59,-59,-57,-57,-57,-57,-59,-57,-59,-57,-59,-59,-59,-57,-57,-57,-59,-59,-57,-57,-59,-57,-59,-57,-57,-57,-57,-57,-57,-59,-57,-57,-57,-57,-57,-59,-57,-57,-57,-59,-59,-59,-57,-57,-57,-57,-59,-59,-59,-57,-57,-59,-57,-57,-59,-57,-59,-57,-57,-59,-59,-57,-57,-57,-57,-57,-59,-59,-57,-59,-59,-57,-57,-57,-57,-57,-57,-59,-59,-57,-57,-59,-57,-59,-57,-59,-57,-57,-57,-59,-57,-57,-57,-59,-57,-59,-57;

point57
AP0
-65,-63,-65,-65,-65,-65,-65,-63,-67,-65,-63,-65,-65,-67,-67,-65,-65,-65,-63,-63,-61,-67,-65,-63,-67,-65,-69,-65,-65,-63,-65,-65,-63,-65,-65,-69,-67,-65,-65,-65,-67,-67,-65,-65,-67,-69,-67,-69,-67,-65,-65,-65,-65,-65,-65,-67,-69,-65,-65,-63,-65,-67,-65,-63,-67,-67,-65,-63,-65,-65,-69,-69,-69,-65,-67,-65,-65,-65,-63,-65,-65,-67,-65,-65,-63,-65,-69,-69,-69,-65,-69,-69,-67,-67,-67,-65,-69,-67;
AP1
-57,-59,-59,-57,-57,-59,-57,-57,-57,-57,-59,-57,-57,-57,-59,-57,-59,-59,-59,-57,-57,-57,-57,-59,-59,-57,-57,-57,-59,-57,-57,-59,-57,-55,-57,-59,-57,-57,-57,-57,-57,-59,-57,-59,-57,-55,-57,-59,-57,-57,-59,-59,-57,-59,-57,-57,-57,-57,-57,-57,-57,-59,-57,-59,-59,-57,-59,-57,-59,-57,-57,-57,-57,-57,-59,-57,-59,-59,-59,-57,-57,-57,-57,-57,-57,-57,-57,-59,-59,-57,-57,-57,-57,-59,-59,-57,-59,-57,-57,-57;
AP2
-55,-55,-55,-55,-55,-55,-55,-55,-53,-55,-55,-55,-55,-55,-73,-55,-55,-53,-53,-55,-55,-55,-55,-55,-55,-53,-55,-55,-55,-55,-53,-55,-55,-53,-53,-55,-55,-55,-55,-55,-55,-55,-55,-55,-55,-55,-55,-55,-55,-55,-53,-53,-63,-55,-55,-55,-55,-55,-55,-55,-55,-55,-55,-55,-53,-55,-55,-55,-55,-55,-55,-55,-53,-55,-55,-55,-55,-55,-53,-55,-55,-55,-55,-53,-55,-53,-55,-55,-53,-55,-55,-55,-55,-55,-55,-55,-55,-55,-55,-55;
AP3
-55,-55,-55,-55,-55,-55,-55,-55,-55,-55,-55,-55,-55,-55,-55,-55,-55,-55,-55,-55,-55,-55,-55,-55,-55,-55,-55,-55,-55,-53,-55,-55,-55,-55,-55,-55,-55,-55,-55,-55,-55,-55,-55,-55,-55,-55,-55,-55,-55,-55,-55,-55,-55,-55,-55,-55,-55,-55,-55,-55,-55,-55,-55,-53,-53,-53,-53,-55,-55,-55,-55,-55,-57,-55,-55,-55,-55,-57,-55,-55,-57,-55,-55,-57,-55,-55,-55,-55,-55,-55,-55,-55,-55,-55,-55,-55,-53,-55,-55;

point58
AP0
-67,-69,-65,-71;
AP1
-63,-63,-63,-65,-63,-61,-61,-65,-63,-63,-63,-61,-63,-63,-63,-65,-61,-61,-61,-61,-63,-63,-63,-59,-59,-59,-61,-63,-63,-63,-63,-61,-63,-63,-63,-61,-63,-61,-61,-63,-61,-61,-63,-61,-61,-63,-61,-61,-63,-61,-63,-61,-61,-63,-61,-63,-63,-63,-63,-63,-61,-61,-61,-61,-61,-61,-63,-61,-61,-61,-63,-63,-63,-61,-63,-63,-61,-61,-61,-61,-61,-61,-61,-59,-63,-63,-61,-63,-63,-63,-61,-61,-63,-63,-61,-63,-61,-61,-63,-63;
AP2
-61,-61,-61,-61,-61,-61,-61,-61,-61,-61,-61,-61,-61,-59,-61,-61,-61,-61,-61,-61,-63,-59,-63,-61,-63,-63,-61,-63,-63,-61,-63,-61,-63,-61,-61,-61,-63,-63,-61,-61,-63,-63,-61,-61,-63,-61,-61,-61,-61,-63,-61,-63,-63,-61,-61,-63,-61,-63,-63,-63,-61,-61,-61,-63,-61,-63,-61,-63,-63,-61,-61,-63,-61,-63,-61,-61,-61,-61,-61,-61,-61,-63,-63,-61,-61,-61,-61,-63,-63,-63,-63,-61,-73,-61,-63,-61,-61,-61,-61,-63;
AP3
-61,-63,-63,-63,-63,-61,-63,-63,-63,-61,-61,-61,-61,-61,-61,-61,-61,-61,-59,-61,-59,-61,-63,-61,-61,-61,-61,-61,-61,-61,-59,-61,-59,-59,-61,-59,-59,-59,-61,-59,-61,-61,-63,-61,-61,-63,-61,-61,-63,-63,-59,-59,-61,-59,-59,-59,-59,-61,-59,-59,-61,-61,-59,-59,-61,-61,-63,-61,-63,-61,-63,-61,-61,-61,-61,-61,-61,-61,-59,-59,-61,-61,-61,-61,-59,-61,-61,-61,-61,-59,-61,-63,-61,-61,-59,-61,-61,-61,-61;

point59
AP0
-71,-71,-71;
AP1
-59,-59,-57,-59,-59,-59,-59,-59,-59,-59,-59,-59,-59,-59,-59,-61,-61,-59,-59,-59,-61,-61,-59,-59,-59,-61,-59,-59,-59,-61,-59,-59,-59,-59,-59,-59,-59,-59,-59,-59,-59,-61,-61,-59,-61,-59,-59,-59,-57,-61,-59,-59,-59,-61,-57,-61,-59,-59,-59,-59,-59,-59,-59,-61,-59,-59,-59,-59,-59,-59,-59,-59,-59,-57,-61,-59,-59,-59,-59,-59,-59,-59,-59,-59,-61,-59,-59,-59,-59,-59,-59,-61,-59,-59,-59,-61,-61,-59,-61,-59;
AP2
-49,-51,-51,-51,-51,-49,-51,-49,-51,-51,-51,-51,-51,-51,-45,-51,-51,-51,-51,-51,-51,-51,-51,-51,-51,-51,-51,-51,-51,-49,-51,-49,-49,-51,-49,-51,-49,-49,-51,-53,-51,-49,-51,-51,-51,-51,-51,-51,-51,-51,-49,-51,-51,-51,-51,-49,-57,-51,-49,-51,-51,-51,-51,-51,-49,-49,-51,-49,-51,-51,-51,-49,-51,-49,-51,-49,-49,-51,-49,-51,-49,-51,-49,-49,-49,-49,-51,-51,-49,-49,-49,-51,-49,-51,-49,-51,-49,-51,-49;
AP3
-57,-59,-57,-57,-57,-57,-57,-59,-57,-59,-57,-57,-57,-57,-57,-57,-57,-57,-57,-57,-57,-57,-57,-59,-55,-57,-59,-57,-55,-57,-59,-59,-57,-57,-57,-57,-59,-57,-57,-57,-57,-57,-55,-55,-59,-57,-57,-57,-57,-57,-57,-57,-57,-57,-57,-55,-57,-57,-57,-57,-57,-57,-57,-57,-57,-59,-57,-57,-57,-57,-57,-57,-57,-57,-57,-59,-57,-57,-59,-57,-57,-57,-57,-57,-57,-57,-57,-57,-59,-57,-57,-57,-57,-57,-57,-59,-57,-55,-57,-57;

point60
AP0
-67,-67,-69,-69,-71,-65,-67,-65,-69,-67,-67,-69,-67,-71,-69,-65,-65,-71,-71,-69,-69,-69,-67,-65,-69,-69,-69,-69,-69,-69,-71,-71,-65,-67,-67,-67,-67,-73,-73,-69,-65,-71,-67,-65,-67,-67,-65,-67,-67,-73,-69,-65,-65,-71,-71,-71,-71,-69,-71,-65,-65,-69,-67,-69,-69,-69,-67,-67,-65,-67,-69,-71,-69,-71,-67,-65,-63,-69,-71,-71,-71,-71,-71,-71,-71,-67,-67,-65,-65,-71,-69,-67,-71,-65,-67,-71,-67,-67,-67;
AP1
-65,-63,-63,-65,-67,-65,-63,-63,-63,-61,-63,-63,-65,-63,-65,-65,-63,-63,-65,-63,-63,-63,-65,-65,-63,-65,-63,-63,-63,-63,-65,-63,-63,-63,-63,-63,-65,-65,-65,-65,-63,-65,-65,-61,-65,-67,-65,-61,-67,-65,-65,-67,-65,-63,-63,-63,-65,-63,-67,-63,-65,-65,-63,-65,-65,-65,-67,-67,-65,-63,-65,-63,-67,-65,-67,-65,-63,-63,-63,-63,-63,-65,-65,-67,-65,-63,-63,-65,-65,-63,-65,-63,-65,-65,-63,-63,-65,-63,-65,-63;
AP2
-49,-49,-49,-51,-51,-51,-51,-51,-51,-51,-49,-49,-49,-51,-51,-49,-51,-49,-51,-51,-49,-49,-51,-49,-49,-51,-49,-51,-51,-51,-49,-49,-49,-49,-51,-51,-51,-51,-51,-51,-51,-49,-51,-49,-49,-51,-51,-51,-51,-51,-51,-51,-51,-49,-49,-49,-49,-51,-51,-49,-51,-49,-51,-49,-51,-49,-49,-49,-49,-49,-51,-51,-49,-51,-51,-51,-49,-49,-49,-49,-49,-51,-51,-51,-51,-51,-51,-49,-49,-49,-49,-51,-51,-49,-49,-51,-49,-49,-49,-49;
AP3
-47,-47,-49,-49,-47,-49,-47,-47,-47,-47,-47,-47,-47,-47,-47,-49,-47,-47,-47,-49,-49,-49,-49,-47,-47,-47,-49,-47,-49,-47,-49,-47,-47,-49,-47,-47,-49,-49,-49,-47,-47,-49,-47,-47,-47,-49,-47,-47,-49,-47,-49,-47,-47,-47,-47,-47,-47,-47,-47,-47,-47,-49,-49,-49,-49,-49,-47,-47,-47,-49,-49,-47,-49,-49,-47,-47,-47,-49,-47,-47,-49,-49,-47,-47,-47,-47,-47,-47,-49,-47,-47,-47,-47,-49,-49,-49,-47,-49,-47;

point61
AP0
-69,-65,-67,-73,-69,-67,-67,-67,-69,-65,-67,-73,-71,-65,-69,-65,-67,-69,-71,-71,-69,-71,-73,-71,-73,-67,-67,-71,-69,-69,-65,-65,-65,-65,-67,-65,-67,-73,-67,-67,-65,-65,-65,-65,-71,-71,-69,-71,-69,-69,-69,-67,-71,-71,-71,-71,-69,-69,-69,-67,-67,-69,-67,-67,-67,-65,-65,-69,-71,-69,-71,-65,-71,-69,-67,-65,-69,-67,-67;
AP1
-59,-59,-59,-61,-61,-59,-59,-59,-59,-59,-59,-59,-61,-59,-61,-61,-59,-61,-61,-59,-59,-57,-61,-59,-59,-59,-61,-59,-59,-57,-59,-59,-59,-59,-59,-59,-59,-61,-59,-59,-59,-59,-59,-61,-61,-59,-61,-59,-59,-59,-59,-59,-61,-59,-61,-61,-61,-59,-59,-59,-59,-59,-59,-59,-59,-59,-61,-61,-59,-59,-59,-59,-59,-59,-59,-59,-59,-61,-59,-59,-61,-59,-59,-59,-59,-59,-61,-59,-61,-59,-59,-59,-59,-59,-61,-59,-59,-57,-59,-59;
AP2
-41,-41,-41,-41,-41,-43,-43,-41,-41,-41,-41,-41,-41,-41,-41,-41,-41,-41,-41,-41,-43,-43,-41,-41,-41,-43,-41,-41,-43,-41,-41,-41,-41,-41,-41,-41,-41,-41,-43,-43,-41,-43,-41,-43,-41,-41,-41,-41,-43,-43,-43,-41,-43,-41,-41,-43,-41,-41,-43,-43,-43,-43,-41,-43,-43,-41,-41,-43,-41,-41,-43,-43,-43,-43,-43,-43,-43,-41,-41,-41,-43,-43,-41,-41,-43,-43,-43,-43,-41,-41,-41,-41,-41,-41,-43,-41,-41,-41,-41,-41;
AP3
-51,-53,-51,-51,-51,-51,-51,-53,-51,-51,-51,-51,-51,-51,-49,-51,-51,-49,-51,-61,-51,-51,-53,-51,-51,-53,-53,-53,-51,-53,-53,-51,-51,-53,-51,-51,-51,-51,-51,-53,-51,-51,-51,-51,-51,-51,-51,-51,-51,-51,-51,-51,-53,-51,-51,-51,-51,-51,-49,-51,-51,-51,-51,-51,-51,-51,-51,-51,-49,-49,-51,-51,-51,-51,-51,-49,-49,-51,-49,-49,-53,-51,-51,-51,-51,-51,-51,-51,-49,-53,-51,-51,-53,-51,-49,-51,-51,-49,-51;

point62
AP0
-80;
AP1
-49,-49,-51,-49,-49,-53,-49,-51,-49,-51,-51,-51,-51,-51,-51,-51,-49,-51,-49,-51,-49,-49,-51,-51,-51,-51,-51,-51,-51,-49,-51,-49,-51,-51,-51,-51,-51,-51,-49,-51,-49,-51,-49,-49,-51,-51,-51,-51,-51,-49,-51,-51,-51,-51,-51,-51,-49,-51,-49,-49,-49,-51,-49,-51,-49,-51,-51,-49,-49,-51,-49,-49,-51,-51,-49,-51,-51,-49,-51,-51,-51,-51,-51,-49,-51,-49,-49,-51,-51,-51,-51,-51,-51,-51,-49,-51,-49,-51,-51,-51;
AP2
-55,-53,-55,-55,-55,-55,-55,-55,-57,-55,-55,-57,-55,-55,-55,-55,-55,-55,-55,-55,-55,-55,-55,-55,-57,-55,-55,-55,-55,-57,-57,-55,-55,-55,-55,-55,-55,-55,-55,-55,-55,-55,-55,-55,-55,-55,-55,-55,-55,-55,-55,-57,-55,-55,-53,-55,-55,-55,-55,-57,-55,-55,-55,-55,-55,-55,-55,-55,-55,-55,-55,-55,-55,-55,-55,-55,-57,-55,-55,-55,-55,-55,-55,-55,-55,-55,-57,-57,-55,-55,-55,-55,-57,-55,-55,-55,-55,-55,-53;
AP3
-61,-61,-59,-61,-61,-61,-61,-61,-61,-59,-61,-59,-59,-59,-61,-61,-59,-59,-61,-59,-61,-61,-59,-61,-61,-61,-61,-59,-59,-61,-61,-61,-61,-61,-61,-61,-61,-61,-59,-61,-61,-61,-59,-61,-61,-61,-61,-61,-61,-61,-61,-61,-61,-61,-61,-59,-61,-61,-59,-59,-61,-59,-61,-61,-61,-61,-61,-59,-59,-61,-61,-61,-61,-61,-61,-61,-61,-61,-61,-61,-61,-61,-61,-61,-59,-59,-59,-59,-61,-61,-61,-59,-59,-61,-59,-59,-61,-61,-59;

point63
AP0
-80;
AP1
-51,-51,-51,-51,-51,-67,-51,-51,-51,-51,-49,-49,-49,-51,-51,-51,-51,-51,-51,-51,-51,-51,-51,-51,-51,-53,-49,-49,-51,-51,-49,-51,-51,-51,-49,-51,-51,-51,-51,-51,-51,-49,-51,-51,-51,-51,-53,-51,-51,-51,-51,-51,-51,-51,-51,-51,-51,-49,-49,-51,-51,-51,-51,-51,-51,-51,-49,-51,-51,-51,-51,-51,-51,-51,-51,-49,-51,-51,-51,-51,-49,-51,-51,-51,-51,-51,-49,-51,-51,-49,-51,-49,-51,-49,-51,-51,-51,-51,-51,-51;
AP2
-55,-53,-55,-55,-55,-55,-55,-53,-55,-55,-53,-55,-55,-53,-53,-55,-55,-55,-53,-55,-55,-55,-61,-55,-55,-53,-55,-53,-55,-53,-55,-55,-55,-55,-55,-55,-53,-55,-55,-55,-55,-55,-55,-55,-55,-55,-55,-53,-53,-55,-53,-53,-55,-53,-53,-55,-55,-53,-53,-55,-53,-57,-55,-53,-53,-55,-53,-55,-53,-53,-53,-55,-55,-55,-55,-55,-53,-53,-55,-53,-55,-55,-55,-53,-55,-55,-55,-55,-55,-55,-57,-55,-55,-53,-55,-55,-55,-55,-55;
AP3
-65,-65,-65,-67,-63,-63,-65,-65,-63,-65,-65,-63,-65,-63,-63,-65,-65,-63,-65,-63,-63,-65,-65,-63,-65,-65,-65,-63,-65,-63,-63,-65,-65,-63,-65,-65,-63,-63,-65,-63,-63,-63,-63,-65,-65,-65,-63,-65,-63,-63,-63,-65,-63,-65,-63,-65,-65,-65,-63,-65,-65,-65,-63,-65,-63,-65,-63,-65,-65,-63,-65,-63,-65,-65,-63,-63,-65,-63,-65,-63,-65,-65,-63,-63,-63,-63,-65,-65,-65,-65,-65,-63,-63,-63,-65,-65,-65,-65,-65;


point64
AP0
-67,-67,-67,-69,-67,-69,-69,-69,-67,-69,-69,-69,-69,-69,-67,-65,-67,-67,-69,-69,-67,-69;
AP1
-53,-53,-53,-53,-51,-53,-53,-53,-53,-53,-51,-51,-51,-53,-53,-51,-53,-51,-51,-53,-51,-51,-53,-53,-51,-53,-51,-53,-53,-51,-53,-53,-53,-53,-53,-53,-53,-53,-53,-51,-51,-53,-53,-51,-53,-51,-53,-51,-53,-51,-49,-53,-51,-51,-51,-51,-51,-53,-53,-51,-53,-53,-51,-49,-51,-53,-53,-53,-53,-51,-53,-53,-53,-51,-51,-53,-51,-53,-53,-53,-53,-53,-51,-53,-51,-51,-51,-53,-51,-51,-53,-53,-53,-53,-51,-51,-53,-53,-51,-53;
AP2
-47,-45,-45,-45,-45,-45,-45,-47,-45,-47,-47,-47,-45,-47,-47,-47,-45,-47,-47,-45,-45,-47,-47,-47,-47,-47,-47,-47,-47,-47,-47,-45,-47,-47,-47,-47,-47,-47,-47,-47,-47,-47,-47,-47,-47,-47,-47,-47,-47,-47,-47,-47,-47,-47,-47,-47,-47,-47,-47,-47,-47,-47,-47,-45,-47,-47,-47,-47,-47,-47,-47,-47,-47,-47,-47,-47,-47,-47,-47,-47,-47,-47,-47,-47,-47,-47,-47,-47,-47,-47,-47,-47,-47,-47,-47,-47,-45,-47,-47;
AP3
-59,-61,-61,-61,-61,-61,-61,-61,-61,-59,-61,-61,-61,-61,-61,-61,-61,-61,-61,-63,-59,-59,-59,-61,-61,-61,-61,-61,-59,-61,-59,-59,-61,-61,-61,-61,-61,-61,-59,-61,-59,-61,-61,-61,-63,-61,-61,-61,-61,-61,-59,-61,-61,-61,-63,-63,-61,-61,-61,-61,-59,-61,-59,-61,-61,-61,-61,-61,-61,-61,-61,-61,-61,-65,-61,-61,-61,-61,-59,-61,-63,-63,-61,-63,-61,-59,-59,-61,-59,-61,-59,-61,-59,-61,-61,-59,-61,-61,-61;
